1476522668.3246703
1476522669.3294379
1476522670.3254567
1476522671.3261890
1476522672.3263772
1476522673.3251850
1476522674.3258196
1476522675.3240243
1476522676.3240322
1476522677.3268726
1476522678.3261290
1476522679.3242431
1476522680.3254837
1476522681.3257891
1476522682.3251014
1476522683.3255396
1476522684.3256658
1476522685.3263453
1476522686.3257256
1476522687.3248423
1476522688.3260745
1476522689.3265910
1476522690.3250546
1476522691.3261408
1476522692.3244352
1476522693.3258054
1476522694.3261629
1476522695.3246924
1476522696.3258454
1476522697.3265759
1476522698.3252406
1476522699.3268295
1476522700.3250231
1476522701.3248056
1476522702.3256891
1476522703.3261168
1476522704.3258545
1476522705.3250928
1476522706.3252226
1476522707.3250046
1476522708.3260336
1476522709.3265869
1476522710.3275498
1476522711.3263986
1476522712.3267756
1476522713.3251770
1476522714.3258474
1476522715.3260728
1476522716.3252306
1476522717.3276303
1476522718.3257205
1476522719.3255681
1476522720.3252346
1476522721.3265050
1476522722.3268537
1476522723.3264373
1476522724.3267505
1476522725.3253302
1476522726.3261468
1476522727.3263058
1476522728.3274766
1476522729.3276882
1476522730.3262951
1476522731.3272976
1476522732.3280762
1476522733.3260621
1476522734.3262189
1476522735.3257952
1476522736.3263200
1476522737.3268835
1476522738.3277855
1476522739.3260564
1476522740.3279865
1476522741.3276803
1476522742.3260439
1476522743.3268810
1476522744.3273795
1476522745.3277560
1476522746.3266230
1476522747.3282125
1476522748.3287841
1476522749.3259414
1476522750.3275808
1476522751.3263362
1476522752.3266066
1476522753.3274979
1476522754.3279105
1476522755.3260398
1476522756.3272320
1476522757.3274776
1476522758.3278664
1476522759.3302979
1476522760.3273913
1476522761.3285711
1476522762.3271205
1476522763.3277566
1476522764.3286779
1476522765.3286276
1476522766.3267373
1476522767.3277675
1476522768.3288936
1476522769.3273821
1476522770.3289871
1476522771.3289968
1476522772.3291460
1476522773.3288745
1476522774.3272918
1476522775.3290752
1476522776.3282794
1476522777.3271575
1476522778.3274841
1476522779.3270342
1476522780.3288029
1476522781.3277447
1476522782.3279237
1476522783.3268060
1476522784.3270335
1476522785.3286497
1476522786.3280343
1476522787.3290153
1476522788.3292631
1476522789.3276177
1476522790.3270617
1476522791.3289622
1476522792.3302650
1476522793.3278770
1476522794.3281814
1476522795.3281858
1476522796.3294570
1476522797.3294882
1476522798.3289025
1476522799.3291340
1476522800.3273740
1476522801.3292551
1476522802.3279147
1476522803.3288602
1476522804.3297113
1476522805.3277696
1476522806.3296569
1476522807.3275982
1476522808.3287026
1476522809.3279584
1476522810.3293729
1476522811.3304593
1476522812.3277780
1476522813.3290051
1476522814.3298079
1476522815.3290496
1476522816.3280614
1476522817.3286942
1476522818.3289226
1476522819.3288760
1476522820.3298198
1476522821.3288357
1476522822.3304544
1476522823.3306278
1476522824.3302348
1476522825.3289626
1476522826.3306650
1476522827.3289116
1476522828.3285832
1476522829.3297903
1476522830.3290977
1476522831.3300263
1476522832.3298017
1476522833.3302112
1476522834.3283069
1476522835.3302177
1476522836.3289433
1476522837.3298243
1476522838.3298453
1476522839.3301603
1476522840.3289514
1476522841.3304230
1476522842.3306068
1476522843.3289762
1476522844.3282642
1476522845.3299022
1476522846.3285520
1476522847.3287652
1476522848.3289101
1476522849.3306895
1476522850.3306194
1476522851.3299578
1476522852.3295990
1476522853.3307624
1476522854.3295931
1476522855.3302911
1476522856.3308787
1476522857.3289424
1476522858.3302845
1476522859.3288360
1476522860.3294386
1476522861.3290346
1476522862.3295380
1476522863.3300313
1476522864.3299093
1476522865.3304304
1476522866.3307593
1476522867.3292655
1476522868.3298718
1476522869.3313517
1476522870.3300039
1476522871.3298650
1476522872.3305989
1476522873.3294929
1476522874.3290955
1476522875.3311871
1476522876.3316130
1476522877.3316484
1476522878.3300266
1476522879.3316898
1476522880.3296073
1476522881.3295861
1476522882.3313627
1476522883.3298583
1476522884.3314526
1476522885.3299889
1476522886.3297774
1476522887.3315054
1476522888.3319099
1476522889.3319423
1476522890.3303870
1476522891.3297189
1476522892.3299819
1476522893.3316139
1476522894.3298541
1476522895.3298490
1476522896.3316217
1476522897.3302418
1476522898.3306013
1476522899.3299746
1476522900.3313873
1476522901.3315335
1476522902.3312227
1476522903.3324285
1476522904.3302120
1476522905.3314841
1476522906.3307987
1476522907.3311111
1476522908.3303100
1476522909.3312606
1476522910.3317533
1476522911.3323351
1476522912.3316351
1476522913.3301465
1476522914.3313582
1476522915.3307912
1476522916.3315121
1476522917.3328008
1476522918.3312480
1476522919.3313475
1476522920.3330165
1476522921.3323456
1476522922.3324623
1476522923.3305508
1476522924.3329008
1476522925.3312206
1476522926.3329394
1476522927.3322758
1476522928.3323392
1476522929.3344030
1476522930.3324092
1476522931.3317869
1476522932.3328826
1476522933.3312601
1476522934.3347487
1476522935.3333478
1476522936.3336464
1476522937.3311436
1476522938.3334703
1476522939.3320502
1476522940.3332953
1476522941.3336027
1476522942.3319968
1476522943.3323291
1476522944.3326445
1476522945.3312869
1476522946.3311978
1476522947.3313760
1476522948.3324543
1476522949.3327831
1476522950.3321624
1476522951.3316799
1476522952.3314809
1476522953.3315384
1476522954.3340557
1476522955.3324453
1476522956.3321337
1476522957.3333426
1476522958.3315527
1476522959.3334697
1476522960.3316441
1476522961.3340498
1476522962.3347252
1476522963.3325890
1476522964.3340620
1476522965.3328054
1476522966.3327104
1476522967.3338944
1476522968.3320323
1476522969.3337694
1476522970.3323018
1476522971.3347212
1476522972.3323356
1476522973.3328293
1476522974.3342025
1476522975.3338673
1476522976.3338243
1476522977.3343168
1476522978.3328543
1476522979.3346228
1476522980.3333655
1476522981.3328099
1476522982.3381039
1476522983.3337666
1476522984.3331931
1476522985.3338382
1476522986.3344181
1476522987.3325528
1476522988.3348061
1476522989.3333381
1476522990.3334657
1476522991.3351069
1476522992.3335024
1476522993.3341904
1476522994.3337600
1476522995.3354557
1476522996.3337622
1476522997.3330201
1476522998.3341570
1476522999.3341779
1476523000.3351667
1476523001.3345765
1476523002.3350108
1476523003.3338405
1476523004.3357355
1476523005.3354429
1476523006.3340899
1476523007.3343424
1476523008.3331335
1476523009.3343938
1476523010.3346178
1476523011.3348716
1476523012.3358176
1476523013.3339081
1476523014.3354423
1476523015.3344454
1476523016.3346068
1476523017.3346482
1476523018.3339287
1476523019.3349015
1476523020.3364628
1476523021.3340700
1476523022.3343330
1476523023.3342559
1476523024.3347425
1476523025.3359884
1476523026.3358475
1476523027.3344500
1476523028.3359388
1476523029.3358361
1476523030.3343494
1476523031.3345881
1476523032.3344640
1476523033.3367479
1476523034.3356182
1476523035.3340926
1476523036.3353172
1476523037.3361399
1476523038.3360399
1476523039.3346509
1476523040.3353942
1476523041.3352968
1476523042.3357984
1476523043.3342493
1476523044.3356412
1476523045.3354176
1476523046.3359083
1476523047.3354148
1476523048.3343625
1476523049.3349101
1476523050.3360452
1476523051.3367810
1476523052.3345356
1476523053.3358482
1476523054.3344028
1476523055.3362234
1476523056.3350361
1476523057.3347335
1476523058.3357353
1476523059.3360449
1476523060.3358959
1476523061.3345882
1476523062.3350957
1476523063.3348908
1476523064.3351230
1476523065.3352894
1476523066.3347535
1476523067.3355881
1476523068.3374496
1476523069.3348759
1476523070.3371699
1476523071.3349196
1476523072.3353909
1476523073.3359990
1476523074.3349686
1476523075.3359084
1476523076.3360538
1476523077.3368349
1476523078.3357177
1476523079.3368330
1476523080.3362433
1476523081.3371010
1476523082.3362274
1476523083.3352169
1476523084.3360442
1476523085.3369628
1476523086.3368775
1476523087.3358088
1476523088.3369255
1476523089.3366764
1476523090.3354700
1476523091.3375872
1476523092.3371399
1476523093.3357278
1476523094.3364006
1476523095.3358301
1476523096.3365430
1476523097.3362868
1476523098.3376997
1476523099.3366579
1476523100.3369791
1476523101.3370746
1476523102.3383375
1476523103.3367659
1476523104.3366787
1476523105.3371275
1476523106.3371237
1476523107.3371363
1476523108.3369146
1476523109.3386604
1476523110.3382482
1476523111.3381243
1476523112.3368300
1476523113.3390188
1476523114.3370898
1476523115.3363121
1476523116.3375529
1476523117.3387200
1476523118.3367615
1476523119.3376014
1476523120.3386815
1476523121.3387924
1476523122.3387922
1476523123.3374477
1476523124.3392146
1476523125.3376101
1476523126.3386327
1476523127.3391439
1476523128.3375021
1476523129.3383668
1476523130.3387764
1476523131.3375645
1476523132.3392246
1476523133.3374788
1476523134.3389807
1476523135.3393099
1476523136.3394837
1476523137.3371371
1476523138.3389594
1476523139.3371853
1476523140.3390370
1476523141.3379482
1476523142.3387764
1476523143.3370324
1476523144.3383549
1476523145.3403082
1476523146.3376759
1476523147.3380572
1476523148.3370969
1476523149.3372768
1476523150.3396168
1476523151.3396296
1476523152.3420486
1476523153.3385730
1476523154.3377967
1476523155.3395382
1476523156.3376008
1476523157.3381674
1476523158.3394763
1476523159.3376214
1476523160.3387261
1476523161.3393808
1476523162.3382673
1476523163.3393706
1476523164.3396467
1476523165.3386356
1476523166.3394630
1476523167.3391620
1476523168.3390141
1476523169.3390692
1476523170.3393827
1476523171.3403276
1476523172.3396135
1476523173.3390701
1476523174.3400939
1476523175.3389236
1476523176.3381227
1476523177.3405746
1476523178.3389385
1476523179.3406848
1476523180.3398219
1476523181.3387793
1476523182.3391615
1476523183.3405193
1476523184.3383694
1476523185.3391059
1476523186.3399919
1476523187.3399955
1476523188.3409328
1476523189.3384180
1476523190.3395781
1476523191.3394312
1476523192.3400258
1476523193.3402254
1476523194.3401409
1476523195.3386608
1476523196.3393866
1476523197.3411707
1476523198.3394638
1476523199.3408789
1476523200.3399321
1476523201.3402584
1476523202.3399014
1476523203.3387261
1476523204.3406809
1476523205.3390368
1476523206.3404476
1476523207.3408054
1476523208.3405929
1476523209.3403769
1476523210.3394930
1476523211.3395500
1476523212.3400799
1476523213.3406465
1476523214.3397938
1476523215.3411216
1476523216.3407967
1476523217.3394153
1476523218.3411869
1476523219.3398910
1476523220.3408698
1476523221.3409282
1476523222.3403253
1476523223.3404237
1476523224.3409252
1476523225.3406434
1476523226.3410897
1476523227.3407557
1476523228.3408148
1476523229.3419950
1476523230.3409330
1476523231.3409063
1476523232.3412610
1476523233.3403315
1476523234.3421047
1476523235.3409487
1476523236.3399173
1476523237.3409523
1476523238.3422677
1476523239.3400036
1476523240.3423294
1476523241.3412123
1476523242.3418758
1476523243.3407828
1476523244.3423655
1476523245.3348923
1476523246.3399167
1476523247.3420147
1476523248.3419271
1476523249.3419256
1476523250.3402282
1476523251.3402538
1476523252.3409335
1476523253.3410008
1476523254.3400779
1476523255.3408525
1476523256.3425906
1476523257.3408536
1476523258.3421680
1476523259.3402571
1476523260.3408321
1476523261.3417204
1476523262.3410386
1476523263.3421633
1476523264.3404773
1476523265.3406665
1476523266.3421542
1476523267.3421980
1476523268.3420494
1476523269.3421623
1476523270.3423265
1476523271.3405983
1476523272.3487840
1476523273.3422949
1476523274.3413140
1476523275.3430918
1476523276.3418690
1476523277.3418438
1476523278.3409054
1476523279.3421574
1476523280.3415422
1476523281.3425767
1476523282.3689288
1476523283.3430356
1476523284.3428900
1476523285.3411384
1476523286.3435031
1476523287.3435666
1476523288.3422521
1476523289.3429725
1476523290.3511476
1476523291.3486980
1476523292.3511092
1476523293.3420254
1476523294.3432183
1476523295.3433288
1476523296.3432442
1476523297.3435172
1476523298.3417466
1476523299.3436102
1476523300.3422721
1476523301.3416237
1476523302.3420111
1476523303.3429057
1476523304.3485904
1476523305.3435602
1476523306.3423005
1476523307.3421424
1476523308.3441983
1476523309.3425848
1476523310.3426189
1476523311.3439027
1476523312.3421785
1476523313.3443323
1476523314.3420000
1476523315.3434580
1476523316.3434622
1476523317.3433672
1476523318.3420688
1476523319.3427615
1476523320.3429968
1476523321.3438731
1476523322.3441966
1476523323.3419955
1476523324.3428522
1476523325.3430282
1476523326.3446052
1476523327.3437655
1476523328.3422074
1476523329.3445445
1476523330.3441448
1476523331.3425964
1476523332.3432778
1476523333.3430474
1476523334.3425785
1476523335.3441300
1476523336.3486292
1476523337.3444058
1476523338.3449215
1476523339.3441639
1476523340.3443718
1476523341.3429873
1476523342.3451649
1476523343.3429242
1476523344.3432970
1476523345.3430059
1476523346.3431120
1476523347.3447433
1476523348.3445390
1476523349.3444584
1476523350.3439796
1476523351.3454020
1476523352.3454194
1476523353.3433674
1476523354.3429073
1476523355.3441144
1476523356.3430768
1476523357.3447146
1476523358.3452388
1476523359.3440479
1476523360.3453885
1476523361.3438837
1476523362.3432637
1476523363.3444796
1476523364.3448570
1476523365.3457603
1476523366.3442402
1476523367.3443403
1476523368.3445973
1476523369.3441461
1476523370.3445488
1476523371.3457024
1476523372.3434440
1476523373.3434353
1476523374.3458458
1476523375.3451231
1476523376.3450491
1476523377.3441228
1476523378.3456958
1476523379.3457392
1476523380.3444567
1476523381.3457449
1476523382.3458217
1476523383.3440359
1476523384.3455619
1476523385.3458738
1476523386.3451270
1476523387.3453054
1476523388.3442335
1476523389.3459598
1476523390.3457050
1476523391.3451714
1476523392.3460560
1476523393.3449927
1476523394.3441375
1476523395.3460168
1476523396.3458285
1476523397.3458208
1476523398.3457238
1476523399.3443122
1476523400.3485744
1476523401.3486813
1476523402.3485955
1476523403.3462094
1476523404.3455941
1476523405.3457168
1476523406.3454064
1476523407.3469148
1476523408.3467105
1476523409.3450346
1476523410.3463371
1476523411.3450271
1476523412.3468831
1476523413.3447344
1476523414.3462496
1476523415.3445877
1476523416.3471974
1476523417.3461607
1476523418.3467732
1476523419.3458191
1476523420.3467802
1476523421.3465058
1476523422.3450768
1476523423.3461452
1476523424.3454794
1476523425.3474511
1476523426.3450434
1476523427.3449510
1476523428.3461672
1476523429.3479520
1476523430.3461280
1476523431.3476036
1476523432.3467203
1476523433.3471162
1476523434.3477175
1476523435.3453093
1476523436.3452119
1476523437.3472835
1476523438.3470690
1476523439.3453390
1476523440.3474561
1476523441.3461228
1476523442.3471311
1476523443.3475000
1476523444.3477237
1476523445.3478458
1476523446.3464659
1476523447.3465606
1476523448.3465208
1476523449.3481415
1476523450.3462992
1476523451.3460702
1476523452.3472424
1476523453.3474533
1476523454.3460522
1476523455.3512264
1476523456.3479203
1476523457.3457455
1476523458.3474522
1476523459.3477663
1476523460.3476212
1476523461.3463874
1476523462.3468840
1476523463.3472998
1476523464.3462023
1476523465.3480320
1476523466.3460520
1476523467.3468458
1476523468.3480211
1476523469.3466124
1476523470.3461480
1476523471.3483835
1476523472.3480150
1476523473.3490597
1476523474.3479219
1476523475.3486946
1476523476.3490280
1476523477.3476999
1476523478.3478318
1476523479.3490432
1476523480.3476630
1476523481.3514020
1476523482.3472445
1476523483.3467970
1476523484.3476117
1476523485.3471151
1476523486.3477825
1476523487.3479852
1476523488.3473049
1476523489.3474822
1476523490.3483227
1476523491.3491091
1476523492.3487729
1476523493.3479450
1476523494.3473996
1476523495.3494772
1476523496.3470411
1476523497.3491246
1476523498.3496842
1476523499.3474861
1476523500.3494388
1476523501.3490480
1476523502.3489906
1476523503.3482766
1476523504.3491203
1476523505.3494614
1476523506.3472493
1476523507.3472886
1476523508.3474813
1476523509.3488380
1476523510.3481245
1476523511.3490412
1476523512.3481330
1476523513.3487899
1476523514.3487007
1476523515.3476314
1476523516.3491101
1476523517.3485893
1476523518.3500545
1476523519.3494518
1476523520.3479114
1476523521.3479261
1476523522.3478179
1476523523.3475641
1476523524.3477011
1476523525.3483168
1476523526.3493717
1476523527.3479525
1476523528.3484173
1476523529.3493163
1476523530.3502461
1476523531.3491019
1476523532.3488410
1476523533.3501808
1476523534.3494628
1476523535.3507002
1476523536.3498454
1476523537.3478545
1476523538.3504935
1476523539.3487534
1476523540.3490491
1476523541.3483837
1476523542.3496518
1476523543.3497884
1476523544.3485865
1476523545.3487419
1476523546.3488133
1476523547.3504192
1476523548.3498885
1476523549.3503720
1476523550.3483311
1476523551.3504382
1476523552.3488041
1476523553.3511275
1476523554.3485417
1476523555.3503055
1476523556.3504872
1476523557.3490208
1476523558.3510883
1476523559.3485195
1476523560.3497294
1476523561.3510010
1476523562.3506387
1476523563.3498185
1476523564.3503457
1476523565.3499122
1476523566.3488864
1476523567.3500563
1476523568.3497439
1476523569.3512287
1476523570.3500750
1476523571.3507889
1476523572.3497365
1476523573.3512883
1476523574.3508868
1476523575.3493615
1476523576.3507858
1476523577.3498180
1476523578.3513725
1476523579.3504844
1476523580.3516368
1476523581.3513918
1476523582.3506829
1476523583.3507008
1476523584.3505236
1476523585.3495033
1476523586.4197351
1476523587.3493027
1476523588.3506408
1476523589.3506756
1476523590.3501794
1476523591.3498570
1476523592.3508749
1476523593.3500731
1476523594.3496176
1476523595.3533008
1476523596.3585809
1476523597.3596637
1476523598.3512710
1476523599.3515350
1476523600.3595219
1476523601.3518968
1476523602.3585874
1476523603.3590922
1476523604.3517182
1476523605.3602771
1476523606.3501021
1476523607.3502336
1476523608.3505424
1476523609.3521158
1476523610.3515403
1476523611.3522550
1476523612.3523114
1476523613.3503241
1476523614.3510477
1476523615.3509508
1476523616.3523220
1476523617.3514857
1476523618.3500345
1476523619.3525543
1476523620.3515084
1476523621.3523316
1476523622.3507138
1476523623.3527372
1476523624.3518516
1476523625.3512686
1476523626.3513804
1476523627.3518245
1476523628.3518617
1476523629.3508967
1476523630.3528786
1476523631.3527372
1476523632.3522533
1476523633.3506353
1476523634.3510725
1476523635.3530385
1476523636.3529256
1476523637.3511226
1476523638.3525520
1476523639.3529547
1476523640.3506468
1476523641.3532666
1476523642.3532060
1476523643.3507864
1476523644.3511451
1476523645.3517245
1476523646.3526008
1476523647.3511368
1476523648.3509941
1476523649.3531495
1476523650.3526762
1476523651.3523094
1476523652.3534774
1476523653.3524180
1476523654.3510616
1476523655.3522130
1476523656.3521213
1476523657.3536184
1476523658.3532028
1476523659.3517882
1476523660.3515002
1476523661.3521259
1476523662.3516945
1476523663.3513526
1476523664.3516050
1476523665.3538190
1476523666.3543728
1476523667.3522102
1476523668.3513805
1476523669.3517823
1476523670.3528086
1476523671.3521556
1476523672.3517211
1476523673.3540259
1476523674.3540554
1476523675.3536438
1476523676.3534612
1476523677.3536674
1476523678.3539178
1476523679.3520444
1476523680.3520258
1476523681.3545232
1476523682.3523337
1476523683.3535897
1476523684.3524372
1476523685.3518524
1476523686.3537457
1476523687.3534697
1476523688.3536358
1476523689.3530552
1476523690.3530073
1476523691.3539958
1476523692.3543021
1476523693.3534244
1476523694.3534711
1476523695.3529549
1476523696.3529191
1476523697.3539591
1476523698.3538256
1476523699.3544028
1476523700.3525897
1476523701.3545517
1476523702.3548302
1476523703.3534681
1476523704.3534672
1476523705.3530297
1476523706.3531449
1476523707.3540952
1476523708.3540058
1476523709.3555586
1476523710.3542114
1476523711.3538285
1476523712.3549079
1476523713.3551609
1476523714.3544455
1476523715.3549643
1476523716.3529104
1476523717.3527439
1476523718.3530739
1476523719.3550190
1476523720.3555007
1476523721.3555529
1476523722.3534450
1476523723.3533903
1476523724.3540485
1476523725.3548482
1476523726.3548269
1476523727.3554206
1476523728.3545501
1476523729.3553981
1476523730.3533461
1476523731.3555478
1476523732.3544176
1476523733.3547135
1476523734.3531824
1476523735.3551687
1476523736.3555864
1476523737.3557521
1476523738.3559557
1476523739.3559611
1476523740.3538870
1476523741.3546944
1476523742.3549321
1476523743.3542749
1476523744.3554011
1476523745.3555905
1476523746.3541810
1476523747.3549691
1476523748.3540633
1476523749.3536784
1476523750.3558702
1476523751.3544095
1476523752.3549737
1476523753.3544435
1476523754.3564385
1476523755.3556828
1476523756.3554926
1476523757.3563737
1476523758.3553018
1476523759.3558244
1476523760.3546473
1476523761.3546705
1476523762.3550685
1476523763.3544141
1476523764.3562982
1476523765.3559649
1476523766.3565987
1476523767.3544239
1476523768.3549949
1476523769.3548611
1476523770.3562991
1476523771.3562835
1476523772.3564351
1476523773.3550314
1476523774.3572189
1476523775.3552801
1476523776.3562751
1476523777.3548812
1476523778.3552274
1476523779.3569304
1476523780.3556978
1476523781.3552888
1476523782.3545600
1476523783.3558148
1476523784.3557943
1476523785.3549792
1476523786.3544970
1476523787.3554016
1476523788.3554762
1476523789.3560189
1476523790.3568575
1476523791.3572404
1476523792.3574662
1476523793.3571049
1476523794.3557554
1476523795.3555604
1476523796.3568773
1476523797.3566696
1476523798.3559480
1476523799.3569050
1476523800.3549224
1476523801.3553154
1476523802.3555443
1476523803.3569620
1476523804.3554177
1476523805.3569028
1476523806.3552221
1476523807.3571138
1476523808.3571206
1476523809.3559499
1476523810.3554423
1476523811.3572517
1476523812.3554359
1476523813.3567834
1476523814.3561058
1476523815.3555013
1476523816.3564852
1476523817.3576983
1476523818.3573218
1476523819.3571887
1476523820.3577857
1476523821.3576049
1476523822.3571438
1476523823.3572189
1476523824.3580764
1476523825.3580611
1476523826.3564957
1476523827.3566031
1476523828.3582778
1476523829.3564536
1476523830.3561683
1476523831.3581108
1476523832.3583911
1476523833.3576266
1476523834.3582109
1476523835.3563523
1476523836.3558749
1476523837.3583956
1476523838.3579076
1476523839.3569538
1476523840.3568183
1476523841.3573795
1476523842.3571262
1476523843.3572168
1476523844.3566247
1476523845.3589988
1476523846.3572379
1476523847.3581122
1476523848.3581122
1476523849.3581429
1476523850.3567852
1476523851.3571379
1476523852.3567862
1476523853.3576416
1476523854.3563064
1476523855.3580475
1476523856.3589052
1476523857.3565468
1476523858.3583427
1476523859.3571368
1476523860.3573070
1476523861.3575626
1476523862.3574535
1476523863.3565994
1476523864.3573167
1476523865.3586908
1476523866.3594703
1476523867.3588074
1476523868.3580396
1476523869.3571851
1476523870.3594540
1476523871.3574300
1476523872.3576361
1476523873.3593517
1476523874.3585227
1476523875.3580725
1476523876.3583425
1476523877.3586120
1476523878.3586866
1476523879.3583712
1476523880.3571044
1476523881.3593579
1476523882.3591130
1476523883.3588879
1476523884.3571366
1476523885.3599406
1476523886.3585138
1476523887.3579700
1476523888.3590394
1476523889.3594783
1476523890.3586551
1476523891.3586692
1476523892.3587809
1476523893.3593349
1476523894.3601977
1476523895.3593275
1476523896.3574450
1476523897.3583893
1476523898.3598343
1476523899.3586633
1476523900.3588424
1476523901.3579751
1476523902.3577181
1476523903.3603092
1476523904.3596983
1476523905.3594103
1476523906.3588821
1476523907.3590233
1476523908.3591364
1476523909.3600972
1476523910.3594439
1476523911.3600288
1476523912.3601036
1476523913.3586573
1476523914.3601430
1476523915.3581468
1476523916.3602916
1476523917.3600097
1476523918.3593743
1476523919.3586226
1476523920.3596217
1476523921.3597083
1476523922.3585623
1476523923.3586577
1476523924.3606506
1476523925.3594664
1476523926.3600340
1476523927.3600562
1476523928.3609482
1476523929.3606585
1476523930.3604952
1476523931.3601605
1476523932.3606428
1476523933.3603110
1476523934.3596986
1476523935.3599549
1476523936.3590197
1476523937.3606675
1476523938.3588109
1476523939.3589345
1476523940.3593555
1476523941.3600268
1476523942.3606481
1476523943.3609897
1476523944.3600274
1476523945.3600819
1476523946.3592662
1476523947.3614087
1476523948.3591317
1476523949.3607538
1476523950.3590612
1476523951.3602535
1476523952.3603519
1476523953.3607900
1476523954.3599240
1476523955.3617101
1476523956.3604725
1476523957.3606485
1476523958.3593436
1476523959.3593694
1476523960.3603694
1476523961.3598972
1476523962.3602826
1476523963.3598285
1476523964.3610137
1476523965.3605823
1476523966.3617204
1476523967.3613337
1476523968.3609909
1476523969.3613939
1476523970.3596923
1476523971.3604081
1476523972.3606511
1476523973.3596902
1476523974.3607448
1476523975.3604280
1476523976.3603406
1476523977.3618862
1476523978.3621753
1476523979.3609934
1476523980.3600888
1476523981.3609493
1476523982.3620733
1476523983.3600973
1476523984.3617510
1476523985.3608099
1476523986.3618863
1476523987.3613764
1476523988.3599299
1476523989.3610665
1476523990.3612594
1476523991.3606769
1476523992.3624479
1476523993.3602417
1476523994.3609590
1476523995.3609173
1476523996.3616345
1476523997.3603728
1476523998.3614638
1476523999.3627616
1476524000.3623600
1476524001.3602299
1476524002.3625068
1476524003.3630208
1476524004.3622754
1476524005.3628347
1476524006.3623951
1476524007.3607809
1476524008.3620419
1476524009.3625728
1476524010.3631098
1476524011.3618766
1476524012.3610959
1476524013.3609930
