4.83989715576e-05
4.31537628174e-05
-2.93254852295e-05
2.38418579102e-06
-2.76565551758e-05
1.66893005371e-05
-3.07559967041e-05
3.45706939697e-05
-1.6450881958e-05
1.50203704834e-05
-3.24249267578e-05
3.33786010742e-05
0.0
-1.76429748535e-05
1.93119049072e-05
-5.31673431396e-05
3.55243682861e-05
-4.76837158203e-07
1.1682510376e-05
-1.66893005371e-06
1.19209289551e-05
2.36034393311e-05
-6.43730163574e-06
-3.00407409668e-05
-4.29153442383e-06
1.62124633789e-05
7.15255737305e-07
-9.53674316406e-06
1.07288360596e-05
-5.00679016113e-06
-1.90734863281e-06
1.66893005371e-06
2.88486480713e-05
-1.6450881958e-05
-3.57627868652e-06
-1.4066696167e-05
-3.33786010742e-06
1.43051147461e-06
2.38418579102e-06
3.81469726562e-06
1.66893005371e-06
-1.14440917969e-05
-7.15255737305e-07
9.77516174316e-06
-4.76837158203e-07
-3.33786010742e-06
4.83989715576e-05
-5.74588775635e-05
5.00679016113e-06
2.86102294922e-06
6.19888305664e-06
-7.62939453125e-06
-1.90734863281e-05
2.19345092773e-05
-1.19209289551e-05
1.31130218506e-05
-2.50339508057e-05
2.83718109131e-05
-2.50339508057e-05
2.50339508057e-05
-4.88758087158e-05
4.24385070801e-05
-7.15255737305e-06
1.31130218506e-05
-1.95503234863e-05
-8.82148742676e-06
5.12599945068e-05
-2.3365020752e-05
1.35898590088e-05
-1.83582305908e-05
2.21729278564e-05
-1.83582305908e-05
-1.21593475342e-05
1.35898590088e-05
1.1682510376e-05
-1.76429748535e-05
1.6450881958e-05
-1.4066696167e-05
-3.55243682861e-05
4.14848327637e-05
-1.47819519043e-05
-1.19209289551e-05
4.05311584473e-05
-1.57356262207e-05
9.53674316406e-07
-9.29832458496e-06
8.82148742676e-06
8.82148742676e-06
-1.43051147461e-05
-1.14440917969e-05
1.50203704834e-05
-5.96046447754e-06
6.91413879395e-06
-2.38418579102e-06
-2.05039978027e-05
1.97887420654e-05
-2.47955322266e-05
2.40802764893e-05
-1.66893005371e-06
5.96046447754e-06
-1.28746032715e-05
7.39097595215e-06
8.58306884766e-06
-1.00135803223e-05
-1.90734863281e-06
-1.76429748535e-05
1.21593475342e-05
-1.52587890625e-05
4.91142272949e-05
-5.00679016113e-05
2.59876251221e-05
-1.90734863281e-06
1.47819519043e-05
-1.14440917969e-05
1.02519989014e-05
-6.67572021484e-06
8.10623168945e-06
-1.28746032715e-05
1.74045562744e-05
-1.71661376953e-05
8.10623168945e-06
-7.86781311035e-06
1.26361846924e-05
-2.16960906982e-05
3.81469726562e-06
-5.72204589844e-06
1.62124633789e-05
-3.57627868652e-06
-1.90734863281e-06
-4.29153442383e-06
3.09944152832e-06
-3.81469726562e-06
-1.78813934326e-05
2.09808349609e-05
2.83718109131e-05
-4.31537628174e-05
1.26361846924e-05
3.57627868652e-06
-7.39097595215e-06
7.62939453125e-06
-1.74045562744e-05
2.02655792236e-05
1.43051147461e-05
-1.43051147461e-05
-6.43730163574e-06
1.43051147461e-06
2.86102294922e-06
1.26361846924e-05
-1.14440917969e-05
-7.39097595215e-06
2.88486480713e-05
-2.5749206543e-05
4.76837158203e-06
-5.96046447754e-06
6.67572021484e-06
-4.76837158203e-06
1.1682510376e-05
-5.14984130859e-05
3.79085540771e-05
-1.66893005371e-05
1.97887420654e-05
1.47819519043e-05
1.54972076416e-05
-1.76429748535e-05
1.02519989014e-05
-1.90734863281e-05
-3.09944152832e-06
-5.24520874023e-06
2.14576721191e-05
-2.55107879639e-05
0.0
6.91413879395e-06
-3.57627868652e-06
1.54972076416e-05
-1.45435333252e-05
4.24385070801e-05
-3.86238098145e-05
-2.21729278564e-05
2.21729278564e-05
-2.14576721191e-06
9.77516174316e-06
-2.31266021729e-05
2.67028808594e-05
-8.34465026855e-06
-6.91413879395e-06
-6.67572021484e-06
8.82148742676e-06
-2.43186950684e-05
2.69412994385e-05
-4.72068786621e-05
1.50203704834e-05
-1.00135803223e-05
3.48091125488e-05
2.62260437012e-05
-1.38282775879e-05
6.43730163574e-06
-7.15255737305e-06
-1.62124633789e-05
4.10079956055e-05
-7.86781311035e-06
-1.78813934326e-05
-2.38418579102e-06
1.95503234863e-05
-3.00407409668e-05
2.74181365967e-05
-8.82148742676e-06
1.14440917969e-05
-7.62939453125e-06
1.66893005371e-06
-7.39097595215e-06
-0.000187158584595
1.62124633789e-05
-8.10623168945e-06
2.62260437012e-06
-1.23977661133e-05
-5.00679016113e-06
-3.21865081787e-05
2.93254852295e-05
-4.52995300293e-06
1.19209289551e-05
-7.15255737305e-06
4.29153442383e-06
-1.66893005371e-06
-2.07424163818e-05
-2.38418579102e-06
6.91413879395e-06
-4.05311584473e-06
2.05039978027e-05
