0.000121116638184
-0.000153064727783
8.01086425781e-05
-2.38418579102e-07
-0.000119686126709
6.67572021484e-05
6.72340393066e-05
2.86102294922e-06
-5.79357147217e-05
1.31130218506e-05
-5.41210174561e-05
6.19888305664e-05
-0.00010085105896
0.000151872634888
-1.00135803223e-05
1.8835067749e-05
-4.98294830322e-05
-6.79492950439e-05
4.88758087158e-05
7.15255737305e-06
9.53674316406e-07
-5.29289245605e-05
-1.43051147461e-05
1.21593475342e-05
6.91413879395e-06
-4.6968460083e-05
-3.79085540771e-05
-3.00407409668e-05
8.39233398438e-05
-2.09808349609e-05
-1.21593475342e-05
-4.76837158203e-05
-3.31401824951e-05
3.09944152832e-06
4.38690185547e-05
-2.8133392334e-05
-3.2901763916e-05
7.29560852051e-05
-7.2717666626e-05
3.69548797607e-05
2.28881835938e-05
1.90734863281e-06
-2.00271606445e-05
1.31130218506e-05
-2.88486480713e-05
-4.60147857666e-05
7.29560852051e-05
-8.225440979e-05
7.22408294678e-05
-9.72747802734e-05
3.00407409668e-05
-4.07695770264e-05
5.57899475098e-05
3.5285949707e-05
6.91413879395e-06
-2.88486480713e-05
1.28746032715e-05
-6.89029693604e-05
6.17504119873e-05
-5.29289245605e-05
1.62124633789e-05
-2.59876251221e-05
5.72204589844e-06
-6.91413879395e-06
7.17639923096e-05
-0.000160932540894
0.000133275985718
-5.03063201904e-05
1.71661376953e-05
2.09808349609e-05
1.21593475342e-05
-3.50475311279e-05
-9.05990600586e-06
-5.60283660889e-05
0.000113964080811
-7.00950622559e-05
-8.82148742676e-06
5.29289245605e-05
-3.09944152832e-06
-1.09672546387e-05
2.121925354e-05
-0.000143051147461
5.88893890381e-05
-4.07695770264e-05
4.07695770264e-05
-4.60147857666e-05
7.9870223999e-05
4.52995300293e-05
4.76837158203e-06
-0.000101089477539
2.71797180176e-05
1.21593475342e-05
3.19480895996e-05
-0.000102996826172
0.000208854675293
-0.000107049942017
-1.19209289551e-05
-0.00010085105896
9.67979431152e-05
-5.10215759277e-05
8.9168548584e-05
-8.82148742676e-05
0.000105142593384
-7.67707824707e-05
-4.62532043457e-05
1.59740447998e-05
-9.53674316406e-07
-0.000108957290649
0.000168085098267
-0.000128984451294
0.000111818313599
-2.09808349609e-05
1.71661376953e-05
-0.000102281570435
8.70227813721e-05
-6.79492950439e-05
8.60691070557e-05
-0.000125885009766
8.39233398438e-05
-1.00135803223e-05
-1.90734863281e-06
-4.12464141846e-05
-1.38282775879e-05
-5.00679016113e-06
2.00271606445e-05
-3.19480895996e-05
0.0
-5.96046447754e-06
1.78813934326e-05
5.19752502441e-05
2.69412994385e-05
-7.48634338379e-05
6.91413879395e-06
2.59876251221e-05
2.09808349609e-05
-5.96046447754e-06
3.09944152832e-06
-9.32216644287e-05
9.01222229004e-05
-5.88893890381e-05
-1.21593475342e-05
-2.50339508057e-05
0.000123977661133
-2.16960906982e-05
-2.40802764893e-05
1.59740447998e-05
-6.89029693604e-05
-1.12056732178e-05
4.79221343994e-05
-2.69412994385e-05
1.59740447998e-05
5.72204589844e-05
-0.000100135803223
7.89165496826e-05
-0.000102758407593
4.38690185547e-05
4.19616699219e-05
-2.38418579102e-05
-7.43865966797e-05
0.000132083892822
-9.98973846436e-05
9.29832458496e-05
0.0
-0.0001380443573
0.000165224075317
-5.81741333008e-05
4.48226928711e-05
-6.67572021484e-05
4.79221343994e-05
4.50611114502e-05
-0.000106811523438
7.62939453125e-06
5.53131103516e-05
2.88486480713e-05
-7.48634338379e-05
-2.14576721191e-06
4.05311584473e-06
5.3882598877e-05
-6.48498535156e-05
5.10215759277e-05
-2.121925354e-05
-2.86102294922e-06
-0.000113964080811
0.00010085105896
-1.81198120117e-05
2.71797180176e-05
3.19480895996e-05
-1.69277191162e-05
5.00679016113e-06
7.70092010498e-05
-5.60283660889e-05
-9.53674316406e-07
2.19345092773e-05
-4.60147857666e-05
-8.98838043213e-05
-4.91142272949e-05
0.000115156173706
3.60012054443e-05
8.10623168945e-06
-2.50339508057e-05
-3.91006469727e-05
-6.72340393066e-05
0.000180244445801
-0.000170946121216
9.08374786377e-05
2.78949737549e-05
-5.3882598877e-05
-4.29153442383e-05
3.38554382324e-05
2.21729278564e-05
2.50339508057e-05
1.78813934326e-05
-0.0001380443573
2.09808349609e-05
7.31945037842e-05
-4.62532043457e-05
-4.98294830322e-05
8.10623168945e-05
8.17775726318e-05
-0.000115871429443
-2.88486480713e-05
1.00135803223e-05
3.81469726562e-06
4.07695770264e-05
-1.28746032715e-05
1.62124633789e-05
-0.000128030776978
0.000183820724487
-5.57899475098e-05
1.28746032715e-05
-6.38961791992e-05
5.67436218262e-05
2.31266021729e-05
4.05311584473e-06
-4.38690185547e-05
1.90734863281e-05
-3.21865081787e-05
5.79357147217e-05
-7.29560852051e-05
