0.999974012375
1.0002450943
0.999927997589
1.00008797646
0.999960899353
0.999971151352
1.00015687943
0.999958992004
1.00015997887
0.999947071075
1.00011301041
1.00000500679
1.00007891655
0.99996304512
1.00020503998
0.999894857407
0.99998998642
1.00012421608
0.999979972839
1.00015997887
0.999963998795
1.00000691414
1.00010609627
0.999897956848
1.00013709068
0.999940872192
1.00015807152
0.999922037125
1.00018692017
0.999928951263
0.999967098236
1.00013804436
1.00004482269
1.00006604195
1.00003600121
1.00005793571
0.999958992004
1.0001680851
0.999949932098
1.0000731945
1.00001692772
0.999913930893
1.000177145
0.999931812286
1.00018811226
0.99991607666
1.00001382828
1.00009012222
1.00001502037
1.00009083748
0.999986171722
1.0000770092
0.999955892563
1.00013494492
1.0
1.00011515617
0.999953985214
0.999979972839
1.0001308918
0.999974012375
1.00013804436
0.999965906143
0.999994039536
1.00008296967
0.999979019165
1.00005817413
1.00005578995
1.00009417534
1.00000691414
1.00009608269
1.00001692772
0.999918937683
1.00013899803
0.999969005585
1.00015115738
0.999900817871
1.00038909912
0.999691963196
1.00016093254
0.999943971634
1.00017118454
0.999903917313
1.00008010864
1.00006484985
0.99996304512
1.00013399124
0.999999046326
1.00009489059
0.999967098236
1.00008392334
1.00002813339
0.999923944473
1.00018286705
0.999924182892
1.00013899803
0.999971866608
1.0001411438
0.999963998795
0.999996900558
1.00008296967
0.999971151352
1.00010085106
1.00000500679
1.00010895729
1.00000214577
1.00007104874
0.999996900558
0.999933958054
1.00027608871
0.999841928482
1.00016903877
0.99996304512
1.00017285347
0.9998960495
1.00017404556
0.999917984009
1.00001502037
1.00010204315
1.00000786781
1.00009608269
1.00005793571
0.999880075455
1.00018405914
0.999908924103
1.00019788742
0.999888181686
1.00018882751
0.9998960495
1.00020003319
0.999912977219
1.00001311302
1.00009989738
1.00001001358
1.00009608269
1.00001788139
0.999920129776
1.00012493134
0.999938964844
1.00016999245
0.99991607666
1.0001540184
0.99995303154
1.00023078918
0.999880075455
0.999974012375
1.00014305115
0.999964952469
1.00017499924
0.99990606308
1.00012302399
1.00003695488
1.00006508827
0.999965906143
0.999972105026
1.00013899803
0.999962806702
1.00019311905
0.999928951263
0.999953985214
1.00019598007
0.999967098236
1.0001168251
0.999994039536
1.00008296967
0.999965190887
0.999970912933
1.00015091896
0.999956130981
1.00014805794
0.999969005585
0.999965906143
1.00009703636
0.999970912933
1.00019192696
0.999932050705
1.00018000603
0.999889135361
1.00007581711
1.00004315376
0.999939918518
1.00017404556
0.999922037125
1.00034689903
0.999813079834
0.999947071075
1.00011181831
0.999938011169
1.00011897087
0.999988079071
1.0001180172
0.999950885773
1.00016522408
0.999985933304
0.999992847443
1.00012302399
0.999979972839
1.00014519691
0.999909877777
1.00020503998
0.999905109406
1.00015497208
0.999960899353
0.999980926514
1.00011205673
0.999990940094
0.999974012375
1.00014710426
0.999960899353
1.0001449585
0.999965190887
11.0002868176
1.00003314018
0.999933004379
0.999978065491
1.00016999245
1.00003099442
0.999858856201
1.00024008751
0.999976873398
0.99998998642
1.00016307831
0.999984025955
1.00002908707
1.00008392334
0.999995946884
0.999990940094
0.999987125397
1.00018501282
