0.999925613403
1.00020194054
0.999957323074
1.00008559227
0.999988555908
0.999954462051
1.00018763542
0.99992442131
1.00017642975
0.999932050705
1.00014543533
0.999971628189
1.00007891655
0.999980688095
1.00018572807
0.99994802475
0.999954462051
1.00012469292
0.999968290329
1.0001616478
0.999952077866
0.999983310699
1.00011253357
0.999927997589
1.00014138222
0.999924659729
1.00015735626
0.999931573868
1.00017619133
0.999933958054
0.999969005585
1.00013637543
1.00001597404
1.00008249283
1.00003957748
1.00007200241
0.999962329865
1.00016665459
0.999947547913
1.00006937981
1.00001525879
0.999925374985
1.00017786026
0.999922037125
1.0001885891
0.99991941452
0.999965429306
1.0001475811
1.00001001358
1.00008797646
0.999979972839
1.0000846386
0.999974966049
1.00011301041
1.00001192093
1.00010204315
0.999979019165
0.999951601028
1.00015592575
0.999948978424
1.00018692017
0.999923467636
1.00000119209
1.00006985664
0.999998569489
1.00006699562
1.00000452995
1.00011754036
0.99999332428
1.00011444092
0.999994754791
0.999937295914
1.00015115738
0.999955415726
1.00013947487
0.999918460846
1.00037264824
0.999706029892
1.00019645691
0.999902486801
1.00018596649
0.999915838242
1.00003957748
1.00008058548
0.999962091446
1.00014328957
0.999990224838
1.00008606911
0.999981403351
1.00009536743
1.00001311302
0.999929904938
1.00017595291
0.999926567078
1.00015950203
0.999952077866
1.00016593933
0.999939918518
0.999998569489
1.0000770092
0.999984025955
1.00009346008
0.999996423721
1.00011897087
1.00000405312
1.00008869171
0.999984741211
0.999949216843
1.00022697449
0.999891996384
1.00014305115
0.999964952469
1.00015807152
0.999907493591
1.00016379356
0.999924659729
1.00000691414
1.00011491776
0.999990463257
1.00011324883
1.00004982948
0.999887943268
1.00017142296
0.999930620193
1.00019407272
0.999893903732
1.00017261505
0.999899625778
1.00020194054
0.999917268753
1.00001001358
1.00010371208
1.00002789497
1.00007510185
0.999989509583
0.999963283539
1.00011229515
0.999935388565
1.00017738342
0.999908447266
1.00017142296
0.999932765961
1.00021648407
0.999894380569
0.999980449677
1.00014162064
0.999962091446
1.00016236305
0.999917507172
1.00013041496
1.00000810623
1.00009083748
0.999961137772
0.999978065491
1.00013232231
0.999967575073
1.00018143654
0.999980449677
0.99991607666
1.00021266937
0.999947309494
1.00010204315
0.999978542328
1.00010061264
0.999954938889
0.99998998642
1.0001540184
0.99996137619
1.00012660027
0.999994516373
0.999965906143
1.00009012222
0.999974489212
1.00017642975
0.999946594238
1.00013756752
0.999927759171
1.00009799004
1.00002098083
0.999942064285
1.0001642704
0.999945163727
1.00032019615
0.999821424484
0.999953985214
1.00011849403
0.999929189682
1.00014328957
0.999961137772
1.00016522408
0.999935865402
1.00017523766
0.999951124191
0.999966621399
1.00013685226
0.999973535538
1.00015234947
0.99992609024
1.00016403198
0.999912977219
1.00017285347
0.999963283539
0.99996137619
1.00014209747
0.999963521957
0.999982833862
1.00013566017
0.999968528748
1.00014328957
0.999972581863
11.0004739761
1.00001692772
0.999941110611
0.999975442886
1.00018239021
1.00003600121
0.999891042709
1.00021076202
0.999981403351
0.999978065491
1.00017023087
0.999979734421
1.000030756
1.00010466576
0.99999833107
0.999984025955
0.999991178513
1.00016450882
