1471687292.3136038
1471687292.3236465
1471687292.3335382
1471687292.3436213
1471687292.3535735
1471687292.3635785
1471687292.3735895
1471687292.3936868
1471687292.4036032
1471687292.4236315
1471687292.4336098
1471687292.4437033
1471687292.4536458
1471687292.4636239
1471687292.4735504
1471687292.4836871
1471687292.4937190
1471687292.5035862
1471687292.5136506
1471687292.5236282
1471687292.5336251
1471687292.5436538
1471687292.5536348
1471687292.5636300
1471687292.5736349
1471687292.5836377
1471687292.5936115
1471687292.6036002
1471687292.6136522
1471687292.6235491
1471687292.6336658
1471687292.6435883
1471687292.6536367
1471687292.6635926
1471687292.6735659
1471687292.6836081
1471687292.6936141
1471687292.7036393
1471687292.7136560
1471687292.7236462
1471687292.7336508
1471687292.7436319
1471687292.7536045
1471687292.7636169
1471687292.7736177
1471687292.7836605
1471687292.7936054
1471687292.8036441
1471687292.8136691
1471687292.8236805
1471687292.8336363
1471687292.8536588
1471687292.8636704
1471687292.8736804
1471687292.8836143
1471687292.8936399
1471687292.9036247
1471687292.9135822
1471687292.9236268
1471687292.9336473
1471687292.9436064
1471687292.9536201
1471687292.9835871
1471687292.9936281
1471687293.37231
1471687293.136732
1471687293.236945
1471687293.337184
1471687293.437062
1471687293.536260
1471687293.637203
1471687293.736785
1471687293.836976
1471687293.936585
1471687293.1036968
1471687293.1136012
1471687293.1236674
1471687293.1336172
1471687293.1444228
1471687293.1535782
1471687293.1636518
1471687293.1736909
1471687293.1836082
1471687293.1936522
1471687293.2036263
1471687293.2136209
1471687293.2236381
1471687293.2336462
1471687293.2436500
1471687293.2536289
1471687293.2636063
1471687293.2736831
1471687293.2836829
1471687293.2936290
1471687293.3037006
1471687293.3136861
1471687293.3236697
1471687293.3335961
1471687293.3437418
1471687293.3536062
1471687293.3636614
1471687293.3736788
1471687293.3836546
1471687293.3935891
1471687293.4136539
1471687293.4336478
1471687293.4437256
1471687293.4536443
1471687293.4636045
1471687293.4737129
1471687293.5036542
1471687293.5136666
1471687293.5237624
1471687293.5336110
1471687293.5437098
1471687293.5537236
1471687293.5636096
1471687293.5736711
1471687293.5937265
1471687293.6037032
1471687293.6136450
1471687293.6236860
1471687293.6336908
1471687293.6437003
1471687293.6536871
1471687293.6637189
1471687293.6737352
1471687293.6836404
1471687293.6937315
1471687293.7037509
1471687293.7136625
1471687293.7237035
1471687293.7336712
1471687293.7436591
1471687293.7537655
1471687293.7637161
1471687293.7736483
1471687293.7836552
1471687293.7936433
1471687293.8036671
1471687293.8137683
1471687293.8237118
1471687293.8336523
1471687293.8437543
1471687293.8537637
1471687293.8637246
1471687293.8736524
1471687293.8836634
1471687293.8937756
1471687293.9036890
1471687293.9136776
1471687293.9237495
1471687293.9336786
1471687293.9437303
1471687293.9536811
1471687293.9636896
1471687293.9736929
1471687293.9836379
1471687293.9936628
1471687294.37367
1471687294.136576
1471687294.236523
1471687294.336813
1471687294.436953
1471687294.537352
1471687294.636661
1471687294.737385
1471687294.836710
1471687294.937392
1471687294.1037285
1471687294.1137134
1471687294.1236662
1471687294.1336511
1471687294.1437792
1471687294.1537048
1471687294.1637270
1471687294.1736791
1471687294.1836579
1471687294.1936752
1471687294.2037228
1471687294.2142172
1471687294.2637486
1471687294.2738069
1471687294.2837296
1471687294.2937248
1471687294.3036443
1471687294.3136852
1471687294.3237422
1471687294.3337156
1471687294.3436890
1471687294.3536564
1471687294.3637095
1471687294.3736663
1471687294.3837256
1471687294.3937570
1471687294.4137139
1471687294.4237383
1471687294.4337680
1471687294.4437327
1471687294.4537715
1471687294.4636718
1471687294.4737102
1471687294.4836922
1471687294.4936448
1471687294.5037341
1471687294.5137334
1471687294.5236946
1471687294.5337295
1471687294.5436946
1471687294.5537735
1471687294.5937776
1471687294.6037231
1471687294.6138056
1471687294.6236979
1471687294.6337646
1471687294.6437436
1471687294.663