1001998.0
999877.0
998904.0
1000218.0
1001217.0
999767.0
999560.0
1000869.0
-8998205.0
997590.0
1003172.0
999830.0
998845.0
998490.0
1087517.0
911720.0
1003935.0
997517.0
-8999104.0
998140.0
1002316.0
996823.0
1003216.0
1000631.0
997018.0
1002295.0
997273.0
1003065.0
-9000347.0
1001291.0
996083.0
1000090.0
1000256.0
1001180.0
1000621.0
1002371.0
996292.0
1004045.0
-9000475.0
1000872.0
999793.0
999767.0
999230.0
1000635.0
999004.0
997566.0
1002671.0
1001793.0
-9001917.0
999241.0
998893.0
1003042.0
1000655.0
995780.0
1001280.0
999150.0
1086253.0
916159.0
-9000745.0
998062.0
1003548.0
1000414.0
996007.0
1004889.0
998597.0
997047.0
1087310.0
913298.0
-8997259.0
997710.0
1000124.0
999672.0
1002324.0
997968.0
1000189.0
1000370.0
998959.0
1000031.0
-8998225.0
998052.0
1004418.0
997484.0
999291.0
1003804.0
997629.0
998342.0
1079157.0
920740.0
-8996695.0
1000737.0
995634.0
1002241.0
1001763.0
1000401.0
999752.0
998478.0
1000513.0
998202.0
-8998769.0
999691.0
1082736.0
916997.0
999426.0
1002290.0
1081123.0
920070.0
997691.0
1002746.0
-9001339.0
997299.0
1001461.0
1002707.0
997778.0
998555.0
1002560.0
997896.0
1082613.0
920440.0
-8999276.0
995080.0
1000968.0
1002423.0
1000113.0
997001.0
1004670.0
1079982.0
915285.0
1002359.0
-8999205.0
999491.0
998527.0
1000565.0
1000987.0
998424.0
999656.0
1000596.0
1001111.0
1001863.0
-9004043.0
1000644.0
1001089.0
1003246.0
995784.0
1000334.0
1000522.0
998926.0
1001538.0
999567.0
-9000746.0
1002833.0
1001030.0
997724.0
1000198.0
998034.0
1000746.0
1000274.0
999026.0
1082250.0
-9077898.0
996648.0
1038990.0
961533.0
999812.0
999237.0
1001555.0
1001981.0
999798.0
998686.0
-9001554.0
1082220.0
921539.0
996209.0
999823.0
1001369.0
1003457.0
995965.0
999945.0
1002090.0
-8999042.0
998370.0
1079507.0
923213.0
997844.0
1001906.0
996630.0
1002896.0
997555.0
1002718.0
-8999432.0
997063.0
1001207.0
1000349.0
998096.0
998991.0
1004617.0
1000205.0
995947.0
1000689.0
-9000748.0
1080234.0
919906.0
1004533.0
995659.0
1002427.0
997820.0
1003195.0
1000159.0
1001022.0
-9001094.0
999944.0
996527.0
1003134.0
998390.0
1001929.0
996669.0
1002241.0
1002634.0
997002.0
-9001023.0
1003665.0
996747.0
1003107.0
996440.0
1003555.0
995801.0
1004849.0
1000149.0
1074643.0
-9076978.0
998473.0
1001228.0
999006.0
1003160.0
996418.0
1003392.0
1000616.0
997854.0
999845.0
-8999174.0
997162.0
1001014.0
1003673.0
996197.0
1003776.0
995940.0
1000537.0
1077600.0
1001210.0
-9041782.0
964873.0
1002218.0
998009.0
998718.0
1003609.0
996456.0
999886.0
1001285.0
999664.0
-8999556.0
997949.0
999554.0
1002980.0
997681.0
1000981.0
999293.0
999890.0
1003194.0
996970.0
-8997797.0
999045.0
999036.0
1003431.0
995865.0
1001667.0
998629.0
1004311.0
997920.0
999425.0
-8999832.0
999353.0
1076948.0
924848.0
997468.0
1002619.0
1001271.0
997870.0
998085.0
999798.0
-8996756.0
999937.0
997031.0
1001680.0
1002629.0
995944.0
1004570.0
995571.0
1001996.0
1000166.0
-9002299.0
1004973.0
995388.0
1001854.0
1001946.0
996336.0
1001704.0
999507.0
1001318.0
1001762.0
-9003518.0
1000862.0
998642.0
1000041.0
1000504.0
1001899.0
1001297.0
998238.0
1001427.0
1072412.0
-9073969.0
1002748.0
999557.0
996669.0
1000599.0
1000913.0
998522.0
1000644.0
999061.0
1076253.0
-9075104.0
1001386.0
1001956.0
997875.0
999290.0
1001563.0
998955.0
998903.0
1001047.0
1000256.0
-8998287.0
996424.0
1000164.0
999788.0
1004290.0
997379.0
999039.0
1000610.0
999859.0
999593.0
-8997828.0
1001764.0
999574.0
996981.0
1003276.0
999147.0
997666.0
1002014.0
999655.0
999626.0
-9001030.0
1001449.0
1002419.0
999915.0
999551.0
998559.0
1001816.0
998414.0
999527.0
1000187.0
-8997918.0
995831.0
1001968.0
997857.0
1004821.0
1068947.0
930424.0
999660.0
1000325.0
1000792.0
-9000129.0
996718.0
998597.0
1001248.0
1000671.0
998517.0
1003437.0
996310.0
1004936.0
995372.0
-8999892.0
1000108.0
1000214.0
1002761.0
997017.0
1003944.0
999121.0
997724.0
1001658.0
1001690.0
-9001298.0
1001598.0
997338.0
1001548.0
1001816.0
998820.0
1001385.0
999618.0
998455.0
999127.0
-9000517.0
999513.0
999724.0
1072637.0
926948.0
1002354.0
997782.0
1003760.0
997114.0
999776.0
-8996472.0
996930.0
1003291.0
999459.0
996345.0
1000324.0
1001269.0
1002228.0
997401.0
999095.0
-8999278.0
1000372.0
999029.0
mean: 0.874851546392
standard deviation: 2.19285576764
