1478593153.5514568
1478593154.5512727
1478593155.5517534
1478593156.5516666
1478593157.5511224
1478593158.5502444
1478593159.5524829
1478593160.5511303
1478593161.5502495
1478593162.5420180
1478593163.5504117
1478593164.5594972
1478593165.5511046
1478593166.5494329
1478593167.5514995
1478593168.5534762
1478593169.5607642
1478593170.5564556
1478593171.5454713
1478593172.5508278
1478593173.5522513
1478593174.5580171
1478593175.5511505
1478593176.5590065
1478593177.5488113
1478593178.5515860
1478593179.5494858
1478593180.5502672
1478593181.5502656
1478593182.5533968
1478593183.5593322
1478593184.5495551
1478593185.5505129
1478593186.5498382
1478593187.5536248
1478593188.5504198
1478593189.5514785
1478593190.5688911
1478593191.5692939
1478593192.5687006
1478593193.5688926
1478593194.5688876
1478593195.5686280
1478593196.5589102
1478593197.5507337
1478593198.5498617
1478593199.5502582
1478593200.5510687
1478593201.5499523
1478593202.5556396
1478593203.5519141
1478593204.5569581
1478593205.5511151
1478593206.5518996
1478593207.5502584
1478593208.5511659
1478593209.5554622
1478593210.5546776
1478593211.5520324
1478593212.5526152
1478593213.5525852
1478593214.5520461
1478593215.5509089
1478593216.5504172
1478593217.5525892
1478593218.5504017
1478593219.5607529
1478593220.5510993
1478593221.5505109
1478593222.5511215
1478593223.5526096
1478593224.5514076
1478593225.5526127
1478593226.5483485
1478593227.5507960
1478593228.5529269
1478593229.5528526
1478593230.5527523
1478593231.5476773
1478593232.5530461
1478593233.5571279
1478593234.5530138
1478593235.5519590
1478593236.5530024
1478593237.5529422
1478593238.5523925
1478593239.5516445
1478593240.5511966
1478593241.5517035
1478593242.5526830
1478593243.5515345
1478593244.5511092
1478593245.5513925
1478593246.5514970
1478593247.5517922
1478593248.5512525
1478593249.5528586
1478593250.5507715
1478593251.5530217
1478593252.5521512
1478593253.5516836
1478593254.5550625
1478593255.5530540
1478593256.5513580
1478593257.5525816
1478593258.5596802
1478593259.5533455
1478593260.5531458
1478593261.5528089
1478593262.5536442
1478593263.5513660
1478593264.5495208
1478593265.5525845
1478593266.5525973
1478593267.5529997
1478593268.5519568
1478593269.5518160
1478593270.5539163
1478593271.5566412
1478593272.5527396
1478593273.5526691
1478593274.5525238
1478593275.5527084
1478593276.5528552
1478593277.5518361
1478593278.5550714
1478593279.5538023
1478593280.5532068
1478593281.5518179
1478593282.5526024
1478593283.5556775
1478593284.5531425
1478593285.5554716
1478593286.5526081
1478593287.5558458
1478593288.5534412
1478593289.5521456
1478593290.5537924
1478593291.5525748
1478593292.5543440
1478593293.5549821
1478593294.5545138
1478593295.5526022
1478593296.5550008
1478593297.5565046
1478593298.5538036
1478593299.5531048
1478593300.5569014
1478593301.5526312
1478593302.5572091
1478593303.5539110
1478593304.5528765
1478593305.5556999
1478593306.5530257
1478593307.5526474
1478593308.5557067
1478593309.5538491
1478593310.5570764
1478593311.5527288
1478593312.5537394
1478593313.5538698
1478593314.5525951
1478593315.5528516
1478593316.5530076
1478593317.5548773
1478593318.5530031
1478593319.5546844
1478593320.5536839
1478593321.5530256
1478593322.5551951
1478593323.5539720
1478593324.5543417
1478593325.5528435
1478593326.5539835
1478593327.5528489
1478593328.5542025
1478593329.5540142
1478593330.5552635
1478593331.5538724
1478593332.5550971
1478593333.5548677
1478593334.5544779
1478593335.5566505
1478593336.5538204
1478593337.5526195
1478593338.5541391
1478593339.5538445
1478593340.5586822
1478593341.5562156
1478593342.5556458
1478593343.5574920
1478593344.5503992
1478593345.5542130
1478593346.5556646
1478593347.5549023
1478593348.5556444
1478593349.5523695
1478593350.5538483
1478593351.5538947
1478593352.5555502
1478593353.5550410
1478593354.5552683
1478593355.5557634
1478593356.5566965
1478593357.5556405
1478593358.5570170
1478593359.5553862
1478593360.5555573
1478593361.5552731
1478593362.5557235
1478593363.5556369
1478593364.5551360
1478593365.5609589
1478593366.5544752
1478593367.5573079
1478593368.5558996
1478593369.5551466
1478593370.5544286
1478593371.5571378
1478593372.5559223
1478593373.5544820
1478593374.5559307
1478593375.5556037
1478593376.5584241
1478593377.5558550
1478593378.5564232
1478593379.5553340
1478593380.5605842
1478593381.5551299
1478593382.5544814
1478593383.5549966
1478593384.5575025
1478593385.5597984
1478593386.5557419
1478593387.5610741
1478593388.5603469
1478593389.5565394
1478593390.5560263
1478593391.5546856
1478593392.5550493
1478593393.5555619
1478593394.5547364
1478593395.5570278
1478593396.5549847
1478593397.5573199
1478593398.5570597
1478593399.5577185
1478593400.5490547
1478593401.5601745
1478593402.5571041
1478593403.5577981
1478593404.5605906
1478593405.5552195
1478593406.5567725
1478593407.5570359
1478593408.5555671
1478593409.5565767
1478593410.5562027
1478593411.5551755
1478593412.5574513
1478593413.5572646
1478593414.5560127
1478593415.5553015
1478593416.5555537
1478593417.5569918
1478593418.5558217
1478593419.5689179
1478593420.5563952
1478593421.5555226
1478593422.5560812
1478593423.5559340
1478593424.5555401
1478593425.5559700
1478593426.5555214
1478593427.5511082
1478593428.5559609
1478593429.5555274
1478593430.5555368
1478593431.5569740
1478593432.5563946
1478593433.5564001
1478593434.5564080
1478593435.5581548
1478593436.5581558
1478593437.5559645
1478593438.5546561
1478593439.5528596
1478593440.5559767
1478593441.5506555
1478593442.5582174
1478593443.5560963
1478593444.5502632
1478593445.5581626
1478593446.5530162
1478593447.5602498
1478593448.5610505
1478593449.5504160
1478593450.5581297
1478593451.5581394
1478593452.5563526
1478593453.5563825
1478593454.5563864
1478593455.5566672
1478593456.5581701
1478593457.5581426
1478593458.5583762
1478593459.5581473
1478593460.5581522
1478593461.5591703
1478593462.5581440
1478593463.5581874
1478593464.5567811
1478593465.5581470
1478593466.5581556
1478593467.5591200
1478593468.5581458
1478593469.5502558
1478593470.5590716
1478593471.5581362
1478593472.5581390
1478593473.5590538
1478593474.5581424
1478593475.5582467
1478593476.5591105
1478593477.5601994
1478593478.5590376
1478593479.5567847
1478593480.5581287
1478593481.5581364
1478593482.5693621
1478593483.5581369
1478593484.5528584
1478593485.5530069
1478593486.5581360
1478593487.5581379
1478593488.5591089
1478593489.5581289
1478593490.5604764
1478593491.5602070
1478593492.5601913
1478593493.5573170
1478593494.5684945
1478593495.5788783
1478593496.5890288
1478593497.5610946
1478593498.5599218
1478593499.5759608
1478593500.5601898
1478593501.5593491
1478593502.5592883
1478593503.5593531
1478593504.5588313
1478593505.5610644
1478593506.5579182
1478593507.5591941
1478593508.5612016
1478593509.5590204
1478593510.5599258
1478593511.5596148
1478593512.5584054
1478593513.5603814
1478593514.5581270
1478593515.5597903
1478593516.5597262
1478593517.5602491
1478593518.5593339
1478593519.5584169
1478593520.5606958
1478593521.5593598
1478593522.5599230
1478593523.5587760
1478593524.5593625
1478593525.5606951
1478593526.5556494
1478593527.5597798
1478593528.5594092
1478593529.5601998
1478593530.5606290
1478593531.5611974
1478593532.5602213
1478593533.5609363
1478593534.5608361
1478593535.5663830
1478593536.5626193
1478593537.5650131
1478593538.5611066
1478593539.5604011
1478593540.5603604
1478593541.5600257
1478593542.5602053
1478593543.5613314
1478593544.5602760
1478593545.5601999
1478593546.5604940
1478593547.5590318
1478593548.5593531
1478593549.5613685
1478593550.5671541
1478593551.5590104
1478593552.5566954
1478593553.5655461
1478593554.5703789
1478593555.5591374
1478593556.5639895
1478593557.5670895
1478593558.5591481
1478593559.5598560
1478593560.5611986
1478593561.5603657
1478593562.5610513
1478593563.5603683
1478593564.5665784
1478593565.5612115
1478593566.5595464
1478593567.5603584
1478593568.5597801
1478593569.5597970
1478593570.5603737
1478593571.5610918
1478593572.5601896
1478593573.5603584
1478593574.5606193
1478593575.5606204
1478593576.5603485
1478593577.5606048
1478593578.5601975
1478593579.5603667
1478593580.5597836
1478593581.5601990
1478593582.5662738
1478593583.5610851
1478593584.5610693
1478593585.5603589
1478593586.5610955
1478593587.5601890
1478593588.5603677
1478593589.5602075
1478593590.5602011
1478593591.5662746
1478593592.5601977
1478593593.5601991
1478593594.5603622
1478593595.5610623
1478593596.5602019
1478593597.5612214
1478593598.5610576
1478593599.5710628
1478593600.5603596
1478593601.5624235
1478593602.5610937
1478593603.5612022
1478593604.5624302
1478593605.5610566
1478593606.5603584
1478593607.5606199
1478593608.5601989
1478593609.5603549
1478593610.5610723
1478593611.5602037
1478593612.5603467
1478593613.5610674
1478593614.5602026
1478593615.5603591
1478593616.5606107
1478593617.5628230
1478593618.5604052
1478593619.5606242
1478593620.5628223
1478593621.5662658
1478593622.5610885
1478593623.5628205
1478593624.5603693
1478593625.5606101
1478593626.5628148
1478593627.5629775
1478593628.5606073
1478593629.5890255
1478593630.5613457
1478593631.5681598
1478593632.5617959
1478593633.5620030
1478593634.5611117
1478593635.5630760
1478593636.5629550
1478593637.5630260
1478593638.5615622
1478593639.5633473
1478593640.5628614
1478593641.5662051
1478593642.5613528
1478593643.5549689
1478593644.5703603
1478593645.5629843
1478593646.5624874
1478593647.5618619
1478593648.5638560
1478593649.5612080
1478593650.5644114
1478593651.5662609
1478593652.5671529
1478593653.5617821
1478593654.5625861
1478593655.5634154
1478593656.5629940
1478593657.5651432
1478593658.5620808
1478593659.5618340
1478593660.5629582
1478593661.5638332
1478593662.5632741
1478593663.5635125
1478593664.5618354
1478593665.5644483
1478593666.5627242
1478593667.5628262
1478593668.5625549
1478593669.5624376
1478593670.5620179
1478593671.5630005
1478593672.5619975
1478593673.5638135
1478593674.5655105
1478593675.5630924
1478593676.5624733
1478593677.5619812
1478593678.5630253
1478593679.5643266
1478593680.5629581
1478593681.5664255
1478593682.5638353
1478593683.5631437
1478593684.5649823
1478593685.5638216
1478593686.5653625
1478593687.5631249
1478593688.5677761
1478593689.5698098
1478593690.5657915
1478593691.5644942
1478593692.5633896
1478593693.5636829
1478593694.5629695
1478593695.5625284
1478593696.5629697
1478593697.5625573
1478593698.5631835
1478593699.5563913
1478593700.5682055
1478593701.5638694
1478593702.5629744
1478593703.5638256
1478593704.5628498
1478593705.5629694
1478593706.5629500
1478593707.5646865
1478593708.5631069
1478593709.5652022
1478593710.5628193
1478593711.5631041
1478593712.5610738
1478593713.5647047
1478593714.5650267
1478593715.5629541
1478593716.5645077
1478593717.5582702
1478593718.5638188
1478593719.5651969
1478593720.5648573
1478593721.5640251
1478593722.5634203
1478593723.5639396
1478593724.5646247
1478593725.5633953
1478593726.5591521
1478593727.5655463
1478593728.5636869
1478593729.5656870
1478593730.5688945
1478593731.5640173
1478593732.5657822
1478593733.5657027
1478593734.5638426
1478593735.5647369
1478593736.5652740
1478593737.5656110
1478593738.5648179
1478593739.5634360
1478593740.5678965
1478593741.5658116
1478593742.5695206
1478593743.5669443
1478593744.5653147
1478593745.5637111
1478593746.5650554
1478593747.5662600
1478593748.5667953
1478593749.5651864
1478593750.5644669
1478593751.5651621
1478593752.5647306
1478593753.5657103
1478593754.5657412
1478593755.5668576
1478593756.5639347
1478593757.5653374
1478593758.5655229
1478593759.5631288
1478593760.5672166
1478593761.5625409
1478593762.5666212
1478593763.5664053
1478593764.5655930
1478593765.5697202
1478593766.5655988
1478593767.5688959
1478593768.5656985
1478593769.5643712
1478593770.5653698
1478593771.5661443
1478593772.5671551
1478593773.5660233
1478593774.5651844
1478593775.5762243
1478593776.5646126
1478593777.5649941
1478593778.5652466
1478593779.5679097
1478593780.5669835
1478593781.5665805
1478593782.5599554
1478593783.5694633
1478593784.5651434
1478593785.5652916
1478593786.5656990
1478593787.5663618
1478593788.5653303
1478593789.5657106
1478593790.5668344
1478593791.5658565
1478593792.5661687
1478593793.5681167
1478593794.5667973
1478593795.5672461
1478593796.5665673
1478593797.5701184
1478593798.5888857
1478593799.5712088
1478593800.5698513
1478593801.5667940
1478593802.5708892
1478593803.5684104
1478593804.5657407
1478593805.5683574
1478593806.5664878
1478593807.5697012
1478593808.5656279
1478593809.5710744
1478593810.5702064
1478593811.5711770
1478593812.5710869
1478593813.5710610
1478593814.5703645
1478593815.5702040
1478593816.5706120
1478593817.5703966
1478593818.5697914
1478593819.5706038
1478593820.5703630
1478593821.5702638
1478593822.5710706
1478593823.5703617
1478593824.5710938
1478593825.5710439
1478593826.5703649
1478593827.5701993
1478593828.5702056
1478593829.5711911
1478593830.5701981
1478593831.5702038
1478593832.5703688
1478593833.5702013
1478593834.5701948
1478593835.5707243
1478593836.5710930
1478593837.5702609
1478593838.5703617
1478593839.5701942
1478593840.5702004
1478593841.5703485
1478593842.5701991
1478593843.5702021
1478593844.5703556
1478593845.5701984
1478593846.5701993
1478593847.5703499
1478593848.5693531
1478593849.5702016
1478593850.5703597
1478593851.5702036
1478593852.5702057
1478593853.5711965
1478593854.5701862
1478593855.5697882
1478593856.5703589
1478593857.5702046
1478593858.5701997
1478593859.5703591
1478593860.5701978
1478593861.5702015
1478593862.5703527
1478593863.5701999
1478593864.5701987
1478593865.5703627
1478593866.5701948
1478593867.5702003
1478593868.5703679
1478593869.5702537
1478593870.5701986
1478593871.5711888
1478593872.5701911
1478593873.5702074
1478593874.5703735
1478593875.5710843
1478593876.5691270
1478593877.5670128
1478593878.5691651
1478593879.5691363
1478593880.5693361
1478593881.5692223
1478593882.5675000
1478593883.5682480
1478593884.5680417
1478593885.5703606
1478593886.5690359
1478593887.5750235
1478593888.5675202
1478593889.5691852
1478593890.5742120
1478593891.5646938
1478593892.5679874
1478593893.5672615
1478593894.5694747
1478593895.5698857
1478593896.5655684
1478593897.5677187
1478593898.5721187
1478593899.5795643
1478593900.5683923
1478593901.5675719
1478593902.5765842
1478593903.5792951
1478593904.5697864
1478593905.5740334
1478593906.5621165
1478593907.5703509
1478593908.5686900
1478593909.5683724
1478593910.5661281
1478593911.5696597
1478593912.5683752
1478593913.5699513
1478593914.5635635
1478593915.5683809
1478593916.5804586
1478593917.5682885
1478593918.5733156
1478593919.5700899
1478593920.5696645
1478593921.5688095
1478593922.5738793
1478593923.5691124
1478593924.5690573
1478593925.5720177
1478593926.5622548
1478593927.5711799
1478593928.5687417
1478593929.5625716
1478593930.5669512
1478593931.5644149
1478593932.5692206
1478593933.5699284
1478593934.5691908
1478593935.5767440
1478593936.5699071
1478593937.5794224
1478593938.5688629
1478593939.5803991
1478593940.5696543
1478593941.5742127
1478593942.5700211
1478593943.5735250
1478593944.5789990
1478593945.5699132
1478593946.5699225
1478593947.5710817
1478593948.5802604
1478593949.5682689
1478593950.5687685
1478593951.5694774
1478593952.5746778
1478593953.5698700
1478593954.5707590
1478593955.5717073
1478593956.5799929
1478593957.5710420
1478593958.5723420
1478593959.5798110
1478593960.5707264
1478593961.5794089
1478593962.5694020
1478593963.5683793
1478593964.5701587
1478593965.5727326
1478593966.5802968
1478593967.5696844
1478593968.5718603
1478593969.5793597
1478593970.5716786
1478593971.5625076
1478593972.5695976
1478593973.5723867
1478593974.5790457
1478593975.5734056
1478593976.5793100
1478593977.5767538
1478593978.5799426
1478593979.5710249
1478593980.5734001
1478593981.5804541
1478593982.5714896
1478593983.5797830
1478593984.5717323
1478593985.5811989
1478593986.5774365
1478593987.5803552
1478593988.5707405
1478593989.5643213
1478593990.5734288
1478593991.5813622
1478593992.5705036
1478593993.5731290
1478593994.5804072
1478593995.5713341
1478593996.5727483
1478593997.5644794
1478593998.5748935
1478593999.6093273
1478594000.5716125
1478594001.5717881
1478594002.5674182
1478594003.5740194
1478594004.5803564
1478594005.5756569
1478594006.5712050
1478594007.5724478
1478594008.5708501
1478594009.5725476
1478594010.5730367
1478594011.5711888
1478594012.5637214
1478594013.5687856
1478594014.5703489
1478594015.5713537
1478594016.5757660
1478594017.5721280
1478594018.5718285
1478594019.5745250
1478594020.5804175
1478594021.5719761
1478594022.5723811
1478594023.5729703
1478594024.5747150
1478594025.5803906
1478594026.5719542
1478594027.5732166
1478594028.5781687
1478594029.5730748
1478594030.5813761
1478594031.5743917
1478594032.5712735
1478594033.5728469
1478594034.5682755
1478594035.5786112
1478594036.5725529
1478594037.5812585
1478594038.5710431
1478594039.5733845
1478594040.5802569
1478594041.5745461
1478594042.5731060
1478594043.5726871
1478594044.5736002
1478594045.5730444
1478594046.5726969
1478594047.5812122
1478594048.5724284
1478594049.5718171
1478594050.5787892
1478594051.5742486
1478594052.5713926
1478594053.5727312
1478594054.5790506
1478594055.5733244
1478594056.5804086
1478594057.5753323
1478594058.5799155
1478594059.5725502
1478594060.5791216
1478594061.5798186
1478594062.5724821
1478594063.5720032
1478594064.5747517
1478594065.5803206
1478594066.5736595
1478594067.5812462
1478594068.5738155
1478594069.5730872
1478594070.5686688
1478594071.5725623
1478594072.5800960
1478594073.5732120
1478594074.5747236
1478594075.5794657
1478594076.5732474
1478594077.5805999
1478594078.5661848
1478594079.5730808
1478594080.5720494
1478594081.5725798
1478594082.5798916
1478594083.5717516
1478594084.5799428
1478594085.5757584
1478594086.5665353
1478594087.5782873
1478594088.5737858
1478594089.5796470
1478594090.5683615
1478594091.5660114
1478594092.5724249
1478594093.5791388
1478594094.5799631
1478594095.5719170
1478594096.5799535
1478594097.5790366
1478594098.5732467
1478594099.5729346
1478594100.5687953
1478594101.5754331
1478594102.5890260
1478594103.5746541
1478594104.5747613
1478594105.5797880
1478594106.5739710
1478594107.5737867
1478594108.5731621
1478594109.5748346
1478594110.5804573
1478594111.5736807
1478594112.5815830
1478594113.5769095
1478594114.5802147
1478594115.5770903
1478594116.5737333
1478594117.5779764
1478594118.5746371
1478594119.5804077
1478594120.5738693
1478594121.5779353
1478594122.5737808
1478594123.5802565
1478594124.5739349
1478594125.5808629
1478594126.5775251
1478594127.5790163
1478594128.5793971
1478594129.5747814
1478594130.5797858
1478594131.5718160
1478594132.5738405
1478594133.5735868
1478594134.5690025
1478594135.5809399
1478594136.5741123
1478594137.5741827
1478594138.5790341
1478594139.5759144
1478594140.6091806
1478594141.5736605
1478594142.5669937
1478594143.5743586
1478594144.5692167
1478594145.5782794
1478594146.5803464
1478594147.5801940
1478594148.5755335
1478594149.5681291
1478594150.5798154
1478594151.5789966
1478594152.5783555
1478594153.5753248
1478594154.5790016
1478594155.5752255
1478594156.5762487
1478594157.5776366
1478594158.5762244
1478594159.5812027
1478594160.5766349
1478594161.5750043
1478594162.5765229
1478594163.5790098
1478594164.5803487
1478594165.5756361
1478594166.5807577
1478594167.5729928
1478594168.5797957
1478594169.5775358
1478594170.5813415
1478594171.5749709
1478594172.5758536
1478594173.5801534
1478594174.5768695
1478594175.5780840
1478594176.5799007
1478594177.5787743
1478594178.5810541
1478594179.5684046
1478594180.5769906
1478594181.5795001
1478594182.5770678
1478594183.5766040
1478594184.5790020
1478594185.5802960
1478594186.5801986
1478594187.5803673
1478594188.5753811
1478594189.5807521
1478594190.5775487
1478594191.5808403
1478594192.5769409
1478594193.5810728
1478594194.5790081
1478594195.5719740
1478594196.5797842
1478594197.5749933
1478594198.5801944
1478594199.5787945
1478594200.5775296
1478594201.5792908
1478594202.5762953
1478594203.5809409
1478594204.5801924
1478594205.5807481
1478594206.5803367
1478594207.5812077
1478594208.5772582
1478594209.5763382
1478594210.5809044
1478594211.5876837
1478594212.5768323
1478594213.5803723
1478594214.5777697
1478594215.5794681
1478594216.5772604
1478594217.5762818
1478594218.5800659
1478594219.5801996
1478594220.5790008
1478594221.5761018
1478594222.5793456
1478594223.5776274
1478594224.5767335
1478594225.5806864
1478594226.5797912
1478594227.5710701
1478594228.5799413
1478594229.5806198
1478594230.5807922
1478594231.5788574
1478594232.5811212
1478594233.5803257
1478594234.5766607
1478594235.5803611
1478594236.5805105
1478594237.5767967
1478594238.5803602
1478594239.5811699
1478594240.5797764
1478594241.5775649
1478594242.5812228
1478594243.5887479
1478594244.5846732
1478594245.5788332
1478594246.5765483
1478594247.5787766
1478594248.5784071
1478594249.6050861
1478594250.5985524
1478594251.5985132
1478594252.6114278
1478594253.5783210
1478594254.5800207
1478594255.5886035
1478594256.5803449
1478594257.5699052
1478594258.5797766
1478594259.5775921
1478594260.5783734
1478594261.5797630
1478594262.5889091
1478594263.5797578
1478594264.5797583
1478594265.5860948
1478594266.5816080
1478594267.5810172
1478594268.5810519
1478594269.5846388
1478594270.5845205
1478594271.5786729
1478594272.5801029
1478594273.5993979
1478594274.5775645
1478594275.5789240
1478594276.5797650
1478594277.5888678
1478594278.5797532
1478594279.5809846
1478594280.5897699
1478594281.5775749
1478594282.5784213
1478594283.5872543
1478594284.5888877
1478594285.5990375
1478594286.5988747
1478594287.5793437
1478594288.5799878
1478594289.5790281
1478594290.5800133
1478594291.5846126
1478594292.5867770
1478594293.5781075
1478594294.5781038
1478594295.5802028
1478594296.5791778
1478594297.5801987
1478594298.5801792
1478594299.5807338
1478594300.5802001
1478594301.5802015
1478594302.5803422
1478594303.5801998
1478594304.5802063
1478594305.5811953
1478594306.5790384
1478594307.5890171
1478594308.5798183
1478594309.5802121
1478594310.5793749
1478594311.5884860
1478594312.5798091
1478594313.5821013
1478594314.5805165
1478594315.5860917
1478594316.5793941
1478594317.5715228
1478594318.5810542
1478594319.5805292
1478594320.5769606
1478594321.5797705
1478594322.5732784
1478594323.5813190
1478594324.5802097
1478594325.5747129
1478594326.5804184
1478594327.5810691
1478594328.5789213
1478594329.5811747
1478594330.5789144
1478594331.5797649
1478594332.5803542
1478594333.5803542
1478594334.5845594
1478594335.5796120
1478594336.5850699
1478594337.5825957
1478594338.5807183
1478594339.5813943
1478594340.5814148
1478594341.5846902
1478594342.5801800
1478594343.5791077
1478594344.5803265
1478594345.5791870
1478594346.5806156
1478594347.5806083
1478594348.5810521
1478594349.5796118
1478594350.5796147
1478594351.5898245
1478594352.5839792
1478594353.5804062
1478594354.5795305
1478594355.5816352
1478594356.5799360
1478594357.5796836
1478594358.5802750
1478594359.5803290
1478594360.5806047
1478594361.5803556
1478594362.5811935
1478594363.5778487
1478594364.5810872
1478594365.5803929
1478594366.5817865
1478594367.5797827
1478594368.5803332
1478594369.5871266
1478594370.5811892
1478594371.5739719
1478594372.5831215
1478594373.5804901
1478594374.5811742
1478594375.5821263
1478594376.5806469
1478594377.6089324
1478594378.5879473
1478594379.5811249
1478594380.5770153
1478594381.5816510
1478594382.5821145
1478594383.5811762
1478594384.5812092
1478594385.5809606
1478594386.5824354
1478594387.5822518
1478594388.5810670
1478594389.5819242
1478594390.5853269
1478594391.5817719
1478594392.5963429
1478594393.5888053
1478594394.5802253
1478594395.5807178
1478594396.5770037
1478594397.5806147
1478594398.5825169
1478594399.5790309
1478594400.5830520
1478594401.5811751
1478594402.5843999
1478594403.5865762
1478594404.5888049
1478594405.5821319
1478594406.5826906
1478594407.5891368
1478594408.5811111
1478594409.5826960
1478594410.5815430
1478594411.5849469
1478594412.5812059
1478594413.5826786
1478594414.5775057
1478594415.5896055
1478594416.5810820
1478594417.5757932
1478594418.5820304
1478594419.5897770
1478594420.5866444
1478594421.5825752
1478594422.5820165
1478594423.5826439
1478594424.5809799
1478594425.5866890
1478594426.5817820
1478594427.5777096
1478594428.5810598
1478594429.5905869
1478594430.5812445
1478594431.5903431
1478594432.5811995
1478594433.5904770
1478594434.5881142
1478594435.5826125
1478594436.5825815
1478594437.5838911
1478594438.5892494
1478594439.5829429
1478594440.5821309
1478594441.5867056
1478594442.5828497
1478594443.5898260
1478594444.5817963
1478594445.5826953
1478594446.5838207
1478594447.5817294
1478594448.5900095
1478594449.5787775
1478594450.5831076
1478594451.5892456
1478594452.5839638
1478594453.5840380
1478594454.5826996
1478594455.5907147
1478594456.5830632
1478594457.5854113
1478594458.5868550
1478594459.5835807
1478594460.5769633
1478594461.5824252
1478594462.5898161
1478594463.5838198
1478594464.5899377
1478594465.5837996
1478594466.5831461
1478594467.5897173
1478594468.5839461
1478594469.5813497
1478594470.5822604
1478594471.5827429
1478594472.5829550
1478594473.5829756
1478594474.5912152
1478594475.5844354
1478594476.5828943
1478594477.5874285
1478594478.5834888
1478594479.5896267
1478594480.5833727
1478594481.5839020
1478594482.5881607
1478594483.5797084
1478594484.5900508
1478594485.5828174
1478594486.5845781
1478594487.5836926
1478594488.5911367
1478594489.5833669
1478594490.5891302
1478594491.5836686
1478594492.5868162
1478594493.5904742
1478594494.5894188
1478594495.5845363
1478594496.5904926
1478594497.5902616
1478594498.5911702
1478594499.5832844
1478594500.5910693
1478594501.5822499
1478594502.5838253
1478594503.5838139
1478594504.5857895
1478594505.5791220
1478594506.5882604
1478594507.5897933
1478594508.5894421
1478594509.5912163
1478594510.5873913
1478594511.5903620
1478594512.5846693
1478594513.5836293
1478594514.5856397
1478594515.5845487
1478594516.5898232
1478594517.5897504
1478594518.5836116
1478594519.5891410
1478594520.5903821
1478594521.5903668
1478594522.5857653
1478594523.5903507
1478594524.5880285
1478594525.5839299
1478594526.5905479
1478594527.5901989
1478594528.5864615
1478594529.5853858
1478594530.5891460
1478594531.5837981
1478594532.5838556
1478594533.5877291
1478594534.5821810
1478594535.5858454
1478594536.5863765
1478594537.5839104
1478594538.5866743
1478594539.5910731
1478594540.5905314
1478594541.5891600
1478594542.5790441
1478594543.5857187
1478594544.5904207
1478594545.5861411
1478594546.5938641
1478594547.5865679
1478594548.5890113
1478594549.5863123
1478594550.5854527
1478594551.5899855
1478594552.5955792
1478594553.5891469
1478594554.5891454
1478594555.5803554
1478594556.5904178
1478594557.5860147
1478594558.5830944
1478594559.5891852
1478594560.5898199
1478594561.5897758
1478594562.5803857
1478594563.5849915
1478594564.5911240
1478594565.5887184
1478594566.5859853
1478594567.5893554
1478594568.5860106
1478594569.5898476
1478594570.5867679
1478594571.5814912
1478594572.5904285
1478594573.5871896
1478594574.5902088
1478594575.5911884
1478594576.5838170
1478594577.5853553
1478594578.5898318
1478594579.5865658
1478594580.5860034
1478594581.5882446
1478594582.5856967
1478594583.5894843
1478594584.5865228
1478594585.5859332
1478594586.5875997
1478594587.5904784
1478594588.5870387
1478594589.5853308
1478594590.5864837
1478594591.5859070
1478594592.5889504
1478594593.5860495
1478594594.5872240
1478594595.5901976
1478594596.5910636
1478594597.5889334
1478594598.5869850
1478594599.5859585
1478594600.5855934
1478594601.5879696
1478594602.5858407
1478594603.5867882
1478594604.5872458
1478594605.5890271
1478594606.5863667
1478594607.5860634
1478594608.5897960
1478594609.5886627
1478594610.5877171
1478594611.5878073
1478594612.5962687
1478594613.5868980
1478594614.5885668
1478594615.5860322
1478594616.5870244
1478594617.5859194
1478594618.5812023
1478594619.5890661
1478594620.5859999
1478594621.5832517
1478594622.5866483
1478594623.5865904
1478594624.5882541
1478594625.5862472
1478594626.5974781
1478594627.5876046
1478594628.5890431
1478594629.5902086
1478594630.5896322
1478594631.5901989
1478594632.5864620
1478594633.5891449
1478594634.5897275
1478594635.5810585
1478594636.5883459
1478594637.5906212
1478594638.5828345
1478594639.5883439
1478594640.5816421
1478594641.5891945
1478594642.5871345
1478594643.5890730
1478594644.5952020
1478594645.5878284
1478594646.5906297
1478594647.5876896
1478594648.5964547
1478594649.5894286
1478594650.5982202
1478594651.5880984
1478594652.5871649
1478594653.5873101
1478594654.5870455
1478594655.5910419
1478594656.5878259
1478594657.5870656
1478594658.5891122
1478594659.5892649
1478594660.5886753
1478594661.5894659
1478594662.5897975
1478594663.5981444
1478594664.5876320
1478594665.5899409
1478594666.5874054
1478594667.5904585
1478594668.5891224
1478594669.5874880
1478594670.5994977
1478594671.5875470
1478594672.5880328
1478594673.5883356
1478594674.5884158
1478594675.5891389
1478594676.5894209
1478594677.5930319
1478594678.5883863
1478594679.5876808
1478594680.5992782
1478594681.5889786
1478594682.5883669
1478594683.5898412
1478594684.5903268
1478594685.5899172
1478594686.5823326
1478594687.5942840
1478594688.5892720
1478594689.5969618
1478594690.5891531
1478594691.5866378
1478594692.5881991
1478594693.5911885
1478594694.5881076
1478594695.5911853
1478594696.5905473
1478594697.5906080
1478594698.5892167
1478594699.5949732
1478594700.5901320
1478594701.5911767
1478594702.5911885
1478594703.5892065
1478594704.5883022
1478594705.5899162
1478594706.5906821
1478594707.5817089
1478594708.5981922
1478594709.5953000
1478594710.5903244
1478594711.5890046
1478594712.5907358
1478594713.5910985
1478594714.5907022
1478594715.5903845
1478594716.5906321
1478594717.5901979
1478594718.5900414
1478594719.5951349
1478594720.5920075
1478594721.5897906
1478594722.5941028
1478594723.5898863
1478594724.5906518
1478594725.5931582
1478594726.5998055
1478594727.5903658
1478594728.5870678
1478594729.5999655
1478594730.5958718
1478594731.5896089
1478594732.5969617
1478594733.5907400
1478594734.5903443
1478594735.5890133
1478594736.5996727
1478594737.5897879
1478594738.5919743
1478594739.5891212
1478594740.5895481
1478594741.5904113
1478594742.5903532
1478594743.5913388
1478594744.5985947
1478594745.5903624
1478594746.5918946
1478594747.5874149
1478594748.5911943
1478594749.5864576
1478594750.5918595
1478594751.5853362
1478594752.5909899
1478594753.5940302
1478594754.5903106
1478594755.5882510
1478594756.5999066
1478594757.5907110
1478594758.5991379
1478594759.5895390
1478594760.5921765
1478594761.5906457
1478594762.5915691
1478594763.5911987
1478594764.5898385
1478594765.5908765
1478594766.5910704
1478594767.5936525
1478594768.5983497
1478594769.5920297
1478594770.5918100
1478594771.5902061
1478594772.5916410
1478594773.5921457
1478594774.5989219
1478594775.5917791
1478594776.5922129
1478594777.5836969
1478594778.5911692
1478594779.6003886
1478594780.5910940
1478594781.5865666
1478594782.5926707
1478594783.5906769
1478594784.5925691
1478594785.5933294
1478594786.5923418
1478594787.5912014
1478594788.5913749
1478594789.5910825
1478594790.5917823
1478594791.5929358
1478594792.5906328
1478594793.5977251
1478594794.5915153
1478594795.5999320
1478594796.5883929
1478594797.5925119
1478594798.5958259
1478594799.5946955
1478594800.5998667
1478594801.5979470
1478594802.5912008
1478594803.5857669
1478594804.5978299
1478594805.5936962
1478594806.6004265
1478594807.5927739
1478594808.5922028
1478594809.5910583
1478594810.5912731
1478594811.5993083
1478594812.5924943
1478594813.5929746
1478594814.5973012
1478594815.5935569
1478594816.5931660
1478594817.5930494
1478594818.5971194
1478594819.5932070
1478594820.5931185
1478594821.5907661
1478594822.5935668
1478594823.5972842
1478594824.5927079
1478594825.5931148
1478594826.5950989
1478594827.5996918
1478594828.5928290
1478594829.5938449
1478594830.5924350
1478594831.5918304
1478594832.5928273
1478594833.5922510
1478594834.6005384
1478594835.5867960
1478594836.6003326
1478594837.5998152
1478594838.5942161
1478594839.6000332
1478594840.5979804
1478594841.5853496
1478594842.5918861
1478594843.5928858
1478594844.5921547
1478594845.5994521
1478594846.5902008
1478594847.5988965
1478594848.5946931
1478594849.5936341
1478594850.5960731
1478594851.6011860
1478594852.5887044
1478594853.5936220
1478594854.5927440
1478594855.5993443
1478594856.5946254
1478594857.6005084
1478594858.5927664
1478594859.5892668
1478594860.5931012
1478594861.6002626
1478594862.5941054
1478594863.6004285
1478594864.5988770
1478594865.5928351
1478594866.5993113
1478594867.5865642
1478594868.6007595
1478594869.5974178
1478594870.5887812
1478594871.5990205
1478594872.5948849
1478594873.6024515
1478594874.5941120
1478594875.6000830
1478594876.5865213
1478594877.5943883
1478594878.5966719
1478594879.6003329
1478594880.5932014
1478594881.5869575
1478594882.5960614
1478594883.5930498
1478594884.5943432
1478594885.5887750
1478594886.5986397
1478594887.5902124
1478594888.6012048
1478594889.5894198
1478594890.5887820
1478594891.5983038
1478594892.5951562
1478594893.6007554
1478594894.5947178
1478594895.5990046
1478594896.5955102
1478594897.5878039
1478594898.5987637
1478594899.5948738
1478594900.5941527
1478594901.5942803
1478594902.5995017
1478594903.6186626
1478594904.6189028
1478594905.6189098
1478594906.6186591
1478594907.6188857
1478594908.6188866
1478594909.5975211
1478594910.5956472
1478594911.5982724
1478594912.5980857
1478594913.6017329
1478594914.6003474
1478594915.5941736
1478594916.5997783
1478594917.5961527
1478594918.5940701
1478594919.5973357
1478594920.5945021
1478594921.5956483
1478594922.5955994
1478594923.6011859
1478594924.5877913
1478594925.5945776
1478594926.5994177
1478594927.5938384
1478594928.5990411
1478594929.5981960
1478594930.6001863
1478594931.5942890
1478594932.5946411
1478594933.5964396
1478594934.5980305
1478594935.5964119
1478594936.6002044
1478594937.5964615
1478594938.6003305
1478594939.5990372
1478594940.5963961
1478594941.6013738
1478594942.6006045
1478594943.6000994
1478594944.5981810
1478594945.6010519
1478594946.6007899
1478594947.5983492
1478594948.5961217
1478594949.5988353
1478594950.5949277
1478594951.6011944
1478594952.5878249
1478594953.6026410
1478594954.6018121
1478594955.5960103
1478594956.5965543
1478594957.5960581
1478594958.6010510
1478594959.5994697
1478594960.5957147
1478594961.6016463
1478594962.5989191
1478594963.6009276
1478594964.6001757
1478594965.5963962
1478594966.5956898
1478594967.5972916
1478594968.5974327
1478594969.6008395
1478594970.5956379
1478594971.5998998
1478594972.5961197
1478594973.5972072
1478594974.5979289
1478594975.5951420
1478594976.5958621
1478594977.5965884
1478594978.5955881
1478594979.5968757
1478594980.5903854
1478594981.5974365
1478594982.6057534
1478594983.5971530
1478594984.5981393
1478594985.6006325
1478594986.5956715
1478594987.5944478
1478594988.5978046
1478594989.5955964
1478594990.5964506
1478594991.5965001
1478594992.5945543
1478594993.6026129
1478594994.5966474
1478594995.5966243
1478594996.5956062
1478594997.5963642
1478594998.5957548
1478594999.5963736
1478595000.5977107
1478595001.5966034
1478595002.5969618
1478595003.5975899
1478595004.6004275
1478595005.5958456
1478595006.5970760
1478595007.5983479
1478595008.6012445
1478595009.5982778
1478595010.5999107
1478595011.5966456
1478595012.5974343
1478595013.5986443
1478595014.5951437
1478595015.6089081
1478595016.5920906
1478595017.6011662
1478595018.6005370
1478595019.5966234
1478595020.5925596
1478595021.6074946
1478595022.5998872
1478595023.5903716
1478595024.5979865
1478595025.5975640
1478595026.5991207
1478595027.5978395
1478595028.6003064
1478595029.5921401
1478595030.5977979
1478595031.5981703
1478595032.5982230
1478595033.6001835
1478595034.5981903
1478595035.5980271
1478595036.5980358
1478595037.5966166
1478595038.5927078
1478595039.5977780
1478595040.5976137
1478595041.5991835
1478595042.6078940
1478595043.5976554
1478595044.5989330
1478595045.5977196
1478595046.5969769
1478595047.5991516
1478595048.5996476
1478595049.5988778
1478595050.5972202
1478595051.6086746
1478595052.5997922
1478595053.5982713
1478595054.5956143
1478595055.5975754
1478595056.5975150
1478595057.5982204
1478595058.5984090
1478595059.5983535
1478595060.5982662
1478595061.6004558
1478595062.6003442
1478595063.5990642
1478595064.5977253
1478595065.5982241
1478595066.5981346
1478595067.5977048
1478595068.5978161
1478595069.6002065
1478595070.5996090
1478595071.6005696
1478595072.5990842
1478595073.5980725
1478595074.6090692
1478595075.5982997
1478595076.6092457
1478595077.5983787
1478595078.5930079
1478595079.6000526
1478595080.5986679
1478595081.6084895
1478595082.6184880
1478595083.6086316
1478595084.5997988
1478595085.5979121
1478595086.5986355
1478595087.5994701
1478595088.5975881
1478595089.6056813
1478595090.6026940
1478595091.5989990
1478595092.6188671
1478595093.6184956
1478595094.6017371
1478595095.5999153
1478595096.5986781
1478595097.6185504
1478595098.6273078
1478595099.5988839
1478595100.6059361
1478595101.6006263
1478595102.5982798
1478595103.6043449
1478595104.6092789
1478595105.6001990
1478595106.5942951
1478595107.6008163
1478595108.6056725
1478595109.6013342
1478595110.5953536
1478595111.6049452
1478595112.5994598
1478595113.6022195
1478595114.5995935
1478595115.6004333
1478595116.5995451
1478595117.6038093
1478595118.5994926
1478595119.5986196
1478595120.6011814
1478595121.5999187
1478595122.6043981
1478595123.6005683
1478595124.6011876
1478595125.5995557
1478595126.6006568
1478595127.6012671
1478595128.6012113
1478595129.6011104
1478595130.6003257
1478595131.5990393
1478595132.6004410
1478595133.6091131
1478595134.6048523
1478595135.6017810
1478595136.6011732
1478595137.6001940
1478595138.6000991
1478595139.5990076
1478595140.6011729
1478595141.6001536
1478595142.6008621
1478595143.5990066
1478595144.6002186
1478595145.6011742
1478595146.6016750
1478595147.6005820
1478595148.6004787
1478595149.6061745
1478595150.6021251
1478595151.6020548
1478595152.6010578
1478595153.6031238
1478595154.6067146
1478595155.6010672
1478595156.5988490
1478595157.5951833
1478595158.6031742
1478595159.5998419
1478595160.6031329
1478595161.6003698
1478595162.6067369
1478595163.6013357
1478595164.5980067
1478595165.6026139
1478595166.6003305
1478595167.6001910
1478595168.5966526
1478595169.6024850
1478595170.6016868
1478595171.6009413
1478595172.6003459
1478595173.6019857
1478595174.6021104
1478595175.6022697
1478595176.5938484
1478595177.6012651
1478595178.6012132
1478595179.6009634
1478595180.5987380
1478595181.6008117
1478595182.5989325
1478595183.6014901
1478595184.6003688
1478595185.6014118
1478595186.6021064
1478595187.6011931
1478595188.6025964
1478595189.5973988
1478595190.6025072
1478595191.6102207
1478595192.6006317
1478595193.6023016
1478595194.6015132
1478595195.6037104
1478595196.6026785
1478595197.6018754
1478595198.6015000
1478595199.6011787
1478595200.6029612
1478595201.6027236
1478595202.6012466
1478595203.6033319
1478595204.6045233
1478595205.6110588
1478595206.6069400
1478595207.6037254
1478595208.6020579
1478595209.6021155
1478595210.6024271
1478595211.6011804
1478595212.5965446
1478595213.6015551
1478595214.6018136
1478595215.6025518
1478595216.6035040
1478595217.6011893
1478595218.6029691
1478595219.6034273
1478595220.6026755
1478595221.6016587
1478595222.6037315
1478595223.6092659
1478595224.6059309
1478595225.6039865
1478595226.6016483
1478595227.6021637
1478595228.6037705
1478595229.6064013
1478595230.6017995
1478595231.6052145
1478595232.6022516
1478595233.6034648
1478595234.6044563
1478595235.5958487
1478595236.6047509
1478595237.6031135
1478595238.5955932
1478595239.6035054
1478595240.6035415
1478595241.6026099
1478595242.6074815
1478595243.6046766
1478595244.6079923
1478595245.5988946
1478595246.5987662
1478595247.6039442
1478595248.5989961
1478595249.6057639
1478595250.6111936
1478595251.6022438
1478595252.6029935
1478595253.6042025
1478595254.6025869
1478595255.6105464
1478595256.6012085
1478595257.6094095
1478595258.5978111
1478595259.6097922
1478595260.6031872
1478595261.6026077
1478595262.6034061
1478595263.6103790
1478595264.6097885
1478595265.6033918
1478595266.6091511
1478595267.6092608
1478595268.6036836
1478595269.6091494
1478595270.6085972
1478595271.6039042
1478595272.6026224
1478595273.6057653
1478595274.5961488
1478595275.6073614
1478595276.6044840
1478595277.6112458
1478595278.6029892
1478595279.6111939
1478595280.6037886
1478595281.6112663
1478595282.6070595
1478595283.6044938
1478595284.6044187
1478595285.6047773
1478595286.6083388
1478595287.6054032
1478595288.6103570
1478595289.6074067
1478595290.6118076
1478595291.6031373
1478595292.6049687
1478595293.5979840
1478595294.6044416
1478595295.6097879
1478595296.6192704
1478595297.6290082
1478595298.6288916
1478595299.6288900
1478595300.6290120
1478595301.6288977
1478595302.6288963
1478595303.6290060
1478595304.6288928
1478595305.6289082
1478595306.6290087
1478595307.6188921
1478595308.6189288
1478595309.6189084
1478595310.6189069
1478595311.6192706
1478595312.6097863
1478595313.6056903
1478595314.6056247
1478595315.6038749
1478595316.6050672
1478595317.6039784
1478595318.6052561
1478595319.6190032
1478595320.6039822
1478595321.6098044
1478595322.6062234
1478595323.6090078
1478595324.6049835
1478595325.6103325
1478595326.6067236
1478595327.6106160
1478595328.6044902
1478595329.6065789
1478595330.6056087
1478595331.6029496
1478595332.6046504
1478595333.6052917
1478595334.5998171
1478595335.6056796
1478595336.6041725
1478595337.6064135
1478595338.6049221
1478595339.6055957
1478595340.6065244
1478595341.5995128
1478595342.6038193
1478595343.6057381
1478595344.6088028
1478595345.6113414
1478595346.5986476
1478595347.6048710
1478595348.5993856
1478595349.6046335
1478595350.6066833
1478595351.6068345
1478595352.6048674
1478595353.6070377
1478595354.6091566
1478595355.6052018
1478595356.6020488
1478595357.6069620
1478595358.6058355
1478595359.6068711
1478595360.6099170
1478595361.6057835
1478595362.6103576
1478595363.6026380
1478595364.6074895
1478595365.6111567
1478595366.6063713
1478595367.6073884
1478595368.6053518
1478595369.6062038
1478595370.6060579
1478595371.6011971
1478595372.6072945
1478595373.6055683
1478595374.6006192
1478595375.6103730
1478595376.6022025
1478595377.6103622
1478595378.6078282
1478595379.6053510
1478595380.6035628
1478595381.6064502
1478595382.6076120
1478595383.6091135
1478595384.6202714
1478595385.6051496
1478595386.5990435
