1475211822.2256397
1475211823.2199205
1475211824.2315627
1475211825.2253819
1475211826.2252475
1475211827.2252503
1475211828.2253585
1475211829.2252463
1475211830.2229598
1475211831.2253777
1475211832.2231514
1475211833.2252482
1475211834.2190998
1475211835.2229124
1475211836.2195917
1475211837.2195326
1475211838.2197007
1475211839.2202280
1475211840.2193696
1475211841.2217201
1475211842.2207620
1475211843.2192482
1475211844.2215962
1475211845.2212502
1475211846.2192366
1475211847.2232236
1475211848.2192729
1475211849.2195983
1475211850.2195767
1475211851.2214998
1475211852.2213363
1475211853.2219166
1475211854.2209118
1475211855.2203134
1475211856.2209865
1475211857.2209170
1475211858.2222595
1475211859.2200197
1475211860.2205398
1475211861.2205223
1475211862.2253326
1475211863.2252481
1475211864.2252487
1475211865.2238788
1475211866.2252491
1475211867.2252488
1475211868.2253612
1475211869.2252484
1475211870.2254749
1475211871.2252542
1475211872.2215318
1475211873.2206233
1475211874.2252542
1475211875.2200032
1475211876.2239334
1475211877.2206479
1475211878.2209317
1475211879.2233876
1475211880.2201650
1475211881.2239834
1475211882.2206563
1475211883.2208239
1475211884.2211505
1475211885.2211621
1475211886.2201946
1475211887.2203046
1475211888.2208554
1475211889.2242354
1475211890.2225559
1475211891.2220344
1475211892.2205365
1475211893.2232318
1475211894.2252499
1475211895.2211253
1475211896.2210703
1475211897.2205625
1475211898.2236685
1475211899.2221911
1475211900.2224036
1475211901.2253574
1475211902.2224736
1475211903.2245382
1475211904.2253614
1475211905.2252475
1475211906.2252479
1475211907.2305680
1475211908.2216809
1475211909.2208032
1475211910.2214799
1475211911.2213864
1475211912.2229312
1475211913.2224289
1475211914.2209800
1475211915.2239937
1475211916.2213889
1475211917.2210972
1475211918.2219382
1475211919.2219547
1475211920.2234107
1475211921.2234394
1475211922.2246456
1475211923.2218290
1475211924.2218105
1475211925.2221411
1475211926.2246082
1475211927.2220888
1475211928.2218326
1475211929.2236678
1475211930.2217595
1475211931.2212895
1475211932.2252361
1475211933.2213541
1475211934.2217805
1475211935.2242921
1475211936.2219873
1475211937.2221135
1475211938.2234844
1475211939.2278951
1475211940.2279162
1475211941.2332216
1475211942.2224527
1475211943.2217231
1475211944.2283475
1475211945.2287321
1475211946.2278573
1475211947.2293111
1475211948.2296203
1475211949.2352493
1475211950.2295151
1475211951.2275296
1475211952.2301497
1475211953.2338804
1475211954.2275779
1475211955.2288716
1475211956.2307271
1475211957.2285370
1475211958.2352492
1475211959.2282126
1475211960.2302444
1475211961.2274024
1475211962.2283008
1475211963.2286783
1475211964.2273217
1475211965.2229455
1475211966.2220857
1475211967.2223934
1475211968.2230782
1475211969.2224024
1475211970.2228307
1475211971.2239278
1475211972.2280938
1475211973.2287599
1475211974.2298017
1475211975.2274880
1475211976.2271282
1475211977.2301043
1475211978.2274809
1475211979.2295283
1475211980.2311546
1475211981.2267878
1475211982.2270031
1475211983.2264320
1475211984.2236077
1475211985.2231660
1475211986.2240074
1475211987.2246031
1475211988.2282448
1475211989.2229839
1475211990.2255268
1475211991.2232854
1475211992.2254221
1475211993.2257547
1475211994.2228852
1475211995.2250593
1475211996.2236259
1475211997.2267514
1475211998.2246420
1475211999.2250793
1475212000.2262715
1475212001.2235509
1475212002.2231713
1475212003.2241320
1475212004.2239804
1475212005.2263730
1475212006.2237281
1475212007.2250794
1475212008.2232298
1475212009.2236216
1475212010.2254014
1475212011.2270687
1475212012.2240203
1475212013.2240851
1475212014.2236673
1475212015.2239474
1475212016.2251431
1475212017.2265054
1475212018.2273110
1475212019.2262791
1475212020.2281711
1475212021.2302718
1475212022.2284672
1475212023.2250148
1475212024.2236444
1475212025.2274370
1475212026.2252599
1475212027.2274043
1475212028.2237275
1475212029.2266526
1475212030.2273774
1475212031.2239955
1475212032.2240488
1475212033.2267334
1475212034.2237311
1475212035.2253871
1475212036.2266825
1475212037.2245815
1475212038.2239449
1475212039.2277260
1475212040.2277730
1475212041.2240771
1475212042.2242009
1475212043.2260643
1475212044.2249357
1475212045.2254483
1475212046.2243156
1475212047.2250102
1475212048.2279408
1475212049.2313909
1475212050.2241025
1475212051.2256170
1475212052.2262497
1475212053.2246244
1475212054.2271699
1475212055.2246034
1475212056.2291751
1475212057.2243167
1475212058.2282143
1475212059.2244851
1475212060.2243835
1475212061.2278102
1475212062.2276662
1475212063.2283809
1475212064.2270673
1475212065.2265228
1475212066.2327067
1475212067.2313989
1475212068.2251164
1475212069.2261514
1475212070.2285081
1475212071.2252435
1475212072.2247956
1475212073.2264356
1475212074.2251216
1475212075.2248373
1475212076.2265082
1475212077.2292927
1475212078.2309380
1475212079.2287269
1475212080.2256410
1475212081.2259161
1475212082.2323747
1475212083.2282872
1475212084.2268957
1475212085.2282369
1475212086.2277129
1475212087.2272712
1475212088.2278348
1475212089.2273081
1475212090.2263951
1475212091.2310570
1475212092.2352488
1475212093.2257509
1475212094.2251399
1475212095.2259008
1475212096.2258715
1475212097.2270528
1475212098.2267037
1475212099.2256693
1475212100.2291761
1475212101.2273699
1475212102.2255339
1475212103.2292902
1475212104.2312509
1475212105.2336466
1475212106.2299110
1475212107.2268446
1475212108.2262517
1475212109.2288563
1475212110.2258461
1475212111.2256830
1475212112.2255878
1475212113.2288606
1475212114.2257342
1475212115.2257502
1475212116.2261848
1475212117.2261783
1475212118.2260344
1475212119.2260093
1475212120.2260872
1475212121.2265748
1475212122.2266965
1475212123.2275507
1475212124.2258497
1475212125.2264727
1475212126.2266439
1475212127.2264906
1475212128.2279871
1475212129.2268976
1475212130.2279932
1475212131.2268447
1475212132.2265974
1475212133.2273987
1475212134.2299770
1475212135.2266474
1475212136.2261697
1475212137.2262657
1475212138.2262705
1475212139.2269234
1475212140.2265586
1475212141.2273216
1475212142.2275778
1475212143.2272683
1475212144.2296913
1475212145.2281958
1475212146.2290495
1475212147.2288224
1475212148.2352468
1475212149.2308766
1475212150.2354134
1475212151.2352470
1475212152.2309441
1475212153.2272694
1475212154.2271156
1475212155.2279992
1475212156.2277517
1475212157.2295289
1475212158.2297753
1475212159.2283922
1475212160.2276150
1475212161.2272585
1475212162.2281649
1475212163.2307305
1475212164.2294728
1475212165.2282369
1475212166.2307403
1475212167.2308142
1475212168.2268875
1475212169.2353585
1475212170.2341376
1475212171.2285094
1475212172.2353067
1475212173.2311561
1475212174.2352475
1475212175.2270953
1475212176.2272336
1475212177.2282853
1475212178.2282398
1475212179.2271296
1475212180.2284742
1475212181.2345138
1475212182.2313804
1475212183.2335237
1475212184.2352490
1475212185.2317230
1475212186.2331844
1475212187.2352486
1475212188.2319807
1475212189.2352461
1475212190.2353544
1475212191.2338499
1475212192.2353608
1475212193.2334213
1475212194.2352488
1475212195.2324592
1475212196.2353524
1475212197.2286570
1475212198.2282482
1475212199.2288909
1475212200.2279969
1475212201.2285589
1475212202.2280565
1475212203.2280746
1475212204.2352485
1475212205.2283449
1475212206.2295831
1475212207.2352489
1475212208.2281764
1475212209.2318111
1475212210.2280191
1475212211.2290295
1475212212.2318815
1475212213.2293888
1475212214.2288972
1475212215.2288589
1475212216.2294932
1475212217.2293479
1475212218.2298717
1475212219.2311535
1475212220.2284638
1475212221.2283047
1475212222.2282891
1475212223.2292678
1475212224.2321621
1475212225.2283644
1475212226.2336476
1475212227.2352478
1475212228.2352736
1475212229.2322405
1475212230.2288002
1475212231.2322700
1475212232.2284899
1475212233.2286030
1475212234.2308789
1475212235.2323960
1475212236.2290997
1475212237.2292978
1475212238.2298221
1475212239.2287374
1475212240.2305124
1475212241.2288846
1475212242.2325589
1475212243.2312748
1475212244.2298993
1475212245.2317006
1475212246.2319845
1475212247.2288119
1475212248.2297957
1475212249.2290903
1475212250.2356336
1475212251.2310985
1475212252.2288569
1475212253.2289831
1475212254.2301544
1475212255.2291690
1475212256.2313718
1475212257.2352628
1475212258.2301245
1475212259.2302660
1475212260.2329354
1475212261.2309496
1475212262.2325598
1475212263.2293080
1475212264.2293084
1475212265.2328578
1475212266.2304850
1475212267.2352477
1475212268.2356657
1475212269.2352643
1475212270.2352504
1475212271.2320481
1475212272.2306025
1475212273.2297795
1475212274.2297836
1475212275.2309357
1475212276.2324656
1475212277.2301865
1475212278.2299603
1475212279.2303612
1475212280.2298689
1475212281.2307488
1475212282.2352534
1475212283.2356196
1475212284.2352551
1475212285.2335534
1475212286.2301377
1475212287.2303709
1475212288.2306064
1475212289.2392065
1475212290.2353540
1475212291.2352470
1475212292.2352488
1475212293.2309325
1475212294.2306829
1475212295.2302629
1475212296.2320915
1475212297.2301289
1475212298.2338468
1475212299.2311167
1475212300.2313242
1475212301.2304957
1475212302.2353743
1475212303.2352492
1475212304.2356164
1475212305.2302415
1475212306.2303731
1475212307.2340298
1475212308.2303000
1475212309.2307098
1475212310.2305720
1475212311.2308530
1475212312.2309935
1475212313.2352485
1475212314.2352563
1475212315.2353599
1475212316.2313873
1475212317.2353334
1475212318.2344324
1475212319.2304690
1475212320.2305976
1475212321.2311931
1475212322.2318455
1475212323.2307678
1475212324.2308126
1475212325.2330143
1475212326.2352467
1475212327.2352482
1475212328.2352511
1475212329.2352529
1475212330.2352489
1475212331.2352469
1475212332.2353611
1475212333.2310303
1475212334.2338152
1475212335.2311630
1475212336.2318691
1475212337.2327266
1475212338.2329746
1475212339.2321277
1475212340.2352485
1475212341.2353300
1475212342.2315192
1475212343.2349109
1475212344.2319458
1475212345.2312818
1475212346.2333538
1475212347.2319658
1475212348.2319358
1475212349.2316129
1475212350.2324252
1475212351.2332974
1475212352.2352476
1475212353.2314818
1475212354.2352227
1475212355.2323947
1475212356.2332824
1475212357.2312939
1475212358.2324115
1475212359.2344888
1475212360.2329467
1475212361.2352973
1475212362.2330566
1475212363.2314908
1475212364.2315078
1475212365.2341286
1475212366.2316207
1475212367.2354257
1475212368.2326228
1475212369.2325887
1475212370.2341658
1475212371.2452498
1475212372.2380330
1475212373.2394104
1475212374.2452478
1475212375.2393980
1475212376.2397583
1475212377.2400744
1475212378.2338248
1475212379.2327159
1475212380.2319759
1475212381.2325412
1475212382.2324840
1475212383.2358245
1475212384.2327214
1475212385.2341866
1475212386.2320933
1475212387.2325868
1475212388.2321215
1475212389.2331610
1475212390.2333889
1475212391.2349669
1475212392.2335785
1475212393.2329555
1475212394.2326479
1475212395.2361413
1475212396.2403889
1475212397.2342004
1475212398.2324028
1475212399.2333368
1475212400.2356364
1475212401.2324736
1475212402.2332678
1475212403.2326746
1475212404.2355861
1475212405.2331494
1475212406.2329388
1475212407.2364412
1475212408.2331704
1475212409.2337938
1475212410.2382328
1475212411.2326531
1475212412.2347128
1475212413.2363091
1475212414.2353782
1475212415.2352086
1475212416.2337776
1475212417.2332654
1475212418.2366926
1475212419.2328207
1475212420.2342293
1475212421.2330327
1475212422.2335661
1475212423.2355841
1475212424.2338833
1475212425.2330605
1475212426.2336306
1475212427.2367199
1475212428.2329522
1475212429.2329888
1475212430.2342849
1475212431.2333624
1475212432.2334729
1475212433.2354337
1475212434.2357669
1475212435.2345248
1475212436.2371034
1475212437.2337251
1475212438.2340928
1475212439.2333301
1475212440.2333788
1475212441.2333168
1475212442.2349710
1475212443.2334758
1475212444.2339321
1475212445.2339704
1475212446.2353456
1475212447.2338191
1475212448.2366532
1475212449.2345125
1475212450.2342318
1475212451.2336642
1475212452.2351895
1475212453.2352458
1475212454.2338024
1475212455.2350582
1475212456.2346129
1475212457.2345684
1475212458.2350101
1475212459.2339627
1475212460.2339971
1475212461.2337132
1475212462.2341207
1475212463.2352166
1475212464.2349251
1475212465.2356822
1475212466.2339746
1475212467.2343022
1475212468.2343456
1475212469.2339576
1475212470.2342441
1475212471.2379059
1475212472.2395676
1475212473.2409777
1475212474.2423745
1475212475.2353665
1475212476.2341169
1475212477.2340805
1475212478.2350387
1475212479.2348295
1475212480.2387538
1475212481.2376181
1475212482.2351895
1475212483.2350358
1475212484.2350443
1475212485.2344482
1475212486.2358566
1475212487.2344114
1475212488.2344497
1475212489.2412971
1475212490.2345290
1475212491.2453091
1475212492.2366904
1475212493.2350495
1475212494.2385911
1475212495.2356828
1475212496.2358991
1475212497.2357094
1475212498.2348350
1475212499.2348238
1475212500.2360239
1475212501.2352450
1475212502.2348595
1475212503.2357311
1475212504.2353430
1475212505.2355949
1475212506.2368446
1475212507.2387177
1475212508.2348993
1475212509.2387501
1475212510.2357608
1475212511.2354968
1475212512.2349906
1475212513.2388788
1475212514.2353507
1475212515.2374030
1475212516.2353948
1475212517.2364162
1475212518.2353426
1475212519.2371298
1475212520.2356042
1475212521.2362766
1475212522.2359081
1475212523.2397233
1475212524.2353304
1475212525.2355848
1475212526.2355809
1475212527.2418812
1475212528.2399501
1475212529.2360336
1475212530.2366662
1475212531.2374083
1475212532.2370705
1475212533.2357005
1475212534.2355930
1475212535.2366143
1475212536.2380007
1475212537.2357963
1475212538.2354990
1475212539.2374992
1475212540.2361262
1475212541.2452484
1475212542.2405271
1475212543.2412084
1475212544.2453082
1475212545.2360955
1475212546.2360773
1475212547.2392415
1475212548.2380738
1475212549.2370063
1475212550.2397243
1475212551.2386117
1475212552.2376459
1475212553.2379900
1475212554.2360466
1475212555.2364004
1475212556.2379795
1475212557.2384241
1475212558.2364360
1475212559.2380529
1475212560.2387537
1475212561.2399601
1475212562.2372179
1475212563.2446481
1475212564.2453613
1475212565.2364749
1475212566.2369951
1475212567.2361944
1475212568.2364617
1475212569.2373087
1475212570.2363087
1475212571.2386218
1475212572.2429785
1475212573.2367809
1475212574.2366589
1475212575.2364044
1475212576.2373448
1475212577.2373594
1475212578.2383166
1475212579.2366100
1475212580.2388271
1475212581.2370652
1475212582.2392078
1475212583.2374026
1475212584.2374921
1475212585.2380866
1475212586.2373529
1475212587.2396296
1475212588.2369072
1475212589.2376409
1475212590.2371073
1475212591.2371939
1475212592.2371036
1475212593.2371537
1475212594.2377244
1475212595.2396045
1475212596.2370841
1475212597.2378372
1475212598.2382713
1475212599.2452479
1475212600.2372834
1475212601.2380381
1475212602.2399946
1475212603.2377117
1475212604.2416201
1475212605.2424184
1475212606.2453782
1475212607.2406164
1475212608.2383037
1475212609.2395309
1475212610.2452484
1475212611.2393095
1475212612.2409268
1475212613.2375691
1475212614.2399272
1475212615.2380409
1475212616.2381382
1475212617.2383538
1475212618.2395224
1475212619.2388512
1475212620.2391014
1475212621.2413211
1475212622.2376711
1475212623.2389142
1475212624.2375082
1475212625.2387741
1475212626.2414841
1475212627.2405758
1475212628.2396582
1475212629.2415516
1475212630.2452566
1475212631.2415654
1475212632.2390891
1475212633.2402317
1475212634.2452489
1475212635.2380914
1475212636.2385124
1475212637.2393422
1475212638.2388224
1475212639.2408698
1475212640.2390789
1475212641.2381258
1475212642.2383859
1475212643.2398789
1475212644.2452474
1475212645.2419515
1475212646.2381701
1475212647.2407804
1475212648.2386043
1475212649.2382125
1475212650.2396999
1475212651.2391917
1475212652.2386947
1475212653.2391259
1475212654.2388108
1475212655.2416844
1475212656.2394202
1475212657.2452572
1475212658.2396165
1475212659.2452959
1475212660.2435302
1475212661.2452853
1475212662.2452621
1475212663.2400213
1475212664.2389664
1475212665.2394944
1475212666.2388390
1475212667.2394892
1475212668.2385632
1475212669.2414949
1475212670.2389643
1475212671.2424881
1475212672.2425172
1475212673.2388746
1475212674.2390075
1475212675.2407616
1475212676.2452501
1475212677.2387297
1475212678.2391910
1475212679.2387616
1475212680.2394010
1475212681.2390278
1475212682.2452616
1475212683.2389798
1475212684.2407126
1475212685.2456210
1475212686.2396344
1475212687.2429012
1475212688.2415154
1475212689.2397271
1475212690.2429692
1475212691.2429999
1475212692.2422857
1475212693.2396762
1475212694.2398264
1475212695.2396905
1475212696.2394752
1475212697.2430841
1475212698.2392462
1475212699.2407295
1475212700.2398757
1475212701.2407055
1475212702.2415051
1475212703.2400581
1475212704.2452501
1475212705.2398735
1475212706.2402428
1475212707.2447937
1475212708.2490777
1475212709.2433617
1475212710.2425006
1475212711.2399104
1475212712.2413218
1475212713.2403905
1475212714.2404707
1475212715.2452482
1475212716.2452490
1475212717.2402960
1475212718.2418422
1475212719.2397022
1475212720.2416439
1475212721.2436813
1475212722.2414705
1475212723.2398688
1475212724.2456179
1475212725.2398991
1475212726.2401531
1475212727.2452511
1475212728.2453728
1475212729.2439266
1475212730.2413954
1475212731.2419370
1475212732.2425064
1475212733.2400161
1475212734.2411270
1475212735.2416259
1475212736.2403235
1475212737.2418876
1475212738.2440522
1475212739.2420133
1475212740.2412361
1475212741.2422422
1475212742.2403753
1475212743.2418748
1475212744.2408305
1475212745.2412158
1475212746.2442685
1475212747.2408339
1475212748.2421615
1475212749.2437809
1475212750.2404658
1475212751.2409190
1475212752.2453329
1475212753.2419365
1475212754.2421851
1475212755.2444652
1475212756.2444000
1475212757.2409386
1475212758.2405859
1475212759.2438258
1475212760.2419407
1475212761.2446289
1475212762.2452484
1475212763.2453630
1475212764.2553611
1475212765.2452488
1475212766.2413724
1475212767.2411082
1475212768.2452501
1475212769.2452578
1475212770.2432446
1475212771.2413638
1475212772.2410492
1475212773.2409596
1475212774.2414690
1475212775.2438267
1475212776.2418242
1475212777.2433227
1475212778.2429758
1475212779.2449956
1475212780.2416291
1475212781.2412056
1475212782.2414538
1475212783.2425647
1475212784.2425537
1475212785.2422662
1475212786.2445982
1475212787.2434738
1475212788.2415306
1475212789.2430021
1475212790.2452657
1475212791.2456414
1475212792.2416121
1475212793.2453542
1475212794.2449004
1475212795.2414719
1475212796.2454168
1475212797.2457265
1475212798.2421436
1475212799.2415473
1475212800.2424466
1475212801.2428402
1475212802.2421912
1475212803.2416227
1475212804.2427054
1475212805.2420647
1475212806.2418837
1475212807.2437953
1475212808.2419350
1475212809.2425578
1475212810.2453222
1475212811.2418515
1475212812.2444523
1475212813.2421948
1475212814.2482686
1475212815.2478245
1475212816.2420427
1475212817.2440593
1475212818.2484013
1475212819.2486080
1475212820.2436182
1475212821.2449801
1475212822.2450059
1475212823.2423513
1475212824.2435876
1475212825.2431668
1475212826.2427514
1475212827.2433741
1475212828.2427031
1475212829.2450863
1475212830.2446584
1475212831.2464909
1475212832.2449150
1475212833.2441284
1475212834.2458316
1475212835.2462972
1475212836.2480125
1475212837.2435549
1475212838.2443450
1475212839.2436402
1475212840.2442981
1475212841.2479718
1475212842.2428388
1475212843.2425898
1475212844.2442507
1475212845.2437139
1475212846.2482348
1475212847.2508859
1475212848.2482195
1475212849.2508741
1475212850.2553185
1475212851.2498206
1475212852.2466297
1475212853.2467692
1475212854.2456622
1475212855.2444437
1475212856.2468055
1475212857.2440471
1475212858.2468567
1475212859.2455111
1475212860.2434907
1475212861.2473720
1475212862.2429929
1475212863.2433721
1475212864.2465702
1475212865.2444077
1475212866.2489399
1475212867.2498139
1475212868.2482988
1475212869.2482447
1475212870.2479611
1475212871.2495581
1475212872.2490886
1475212873.2510568
1475212874.2474278
1475212875.2496284
1475212876.2486245
1475212877.2434237
1475212878.2487377
1475212879.2508603
1475212880.2476797
1475212881.2491576
1475212882.2441619
1475212883.2440459
1475212884.2474446
1475212885.2447197
1475212886.2479879
1475212887.2482518
1475212888.2489418
1475212889.2476622
1475212890.2482195
1475212891.2553630
1475212892.2497177
1475212893.2499490
1475212894.2489840
1475212895.2552490
1475212896.2488988
1475212897.2501834
1475212898.2439967
1475212899.2477664
1475212900.2439150
1475212901.2485195
1475212902.2458452
1475212903.2479592
1475212904.2447743
1475212905.2440482
1475212906.2485684
1475212907.2553742
1475212908.2499390
1475212909.2441736
1475212910.2458238
1475212911.2483650
1475212912.2501074
1475212913.2447094
1475212914.2490651
1475212915.2553011
1475212916.2484550
1475212917.2508066
1475212918.2502384
1475212919.2498988
1475212920.2493637
1475212921.2552582
1475212922.2444936
1475212923.2446350
1475212924.2450573
1475212925.2446833
1475212926.2503703
1475212927.2512713
1475212928.2492439
1475212929.2653646
1475212930.2462007
1475212931.2507734
1475212932.2449330
1475212933.2457092
1475212934.2448297
1475212935.2458201
1475212936.2521855
1475212937.2481222
1475212938.2447848
1475212939.2458008
1475212940.2450059
1475212941.2525289
1475212942.2469495
1475212943.2448862
1475212944.2455408
1475212945.2485323
1475212946.2449673
1475212947.2451347
1475212948.2479951
1475212949.2466091
1475212950.2458277
1475212951.2472290
1475212952.2456145
1475212953.2490699
1475212954.2470283
1475212955.2453815
1475212956.2553533
1475212957.2467836
1475212958.2470612
1475212959.2457279
1475212960.2477417
1475212961.2552495
1475212962.2467083
1475212963.2485528
1475212964.2487407
1475212965.2453787
1475212966.2507040
1475212967.2509100
1475212968.2544259
1475212969.2474548
1475212970.2460907
1475212971.2476822
1475212972.2553553
1475212973.2458294
1475212974.2458416
1475212975.2526410
1475212976.2553277
1475212977.2507668
1475212978.2532557
1475212979.2465246
1475212980.2457176
1475212981.2469788
1475212982.2474099
1475212983.2461304
1475212984.2482293
1475212985.2461302
1475212986.2460164
1475212987.2498156
1475212988.2482488
1475212989.2488370
1475212990.2473536
1475212991.2463424
1475212992.2467390
1475212993.2461816
1475212994.2463490
1475212995.2474811
1475212996.2479734
1475212997.2464965
1475212998.2469737
1475212999.2501418
1475213000.2463454
1475213001.2462101
1475213002.2501841
1475213003.2470097
1475213004.2474730
1475213005.2502258
1475213006.2477853
1475213007.2490225
1475213008.2477293
1475213009.2464824
1475213010.2495303
1475213011.2466365
1475213012.2476861
1475213013.2464989
1475213014.2475786
1475213015.2470022
1475213016.2467818
1475213017.2481365
1475213018.2478978
1475213019.2469514
1475213020.2469276
1475213021.2466856
1475213022.2501845
1475213023.2470246
1475213024.2510451
1475213025.2481312
1475213026.2471113
1475213027.2488538
1475213028.2476706
1475213029.2469260
1475213030.2508322
1475213031.2496325
1475213032.2495030
1475213033.2471962
1475213034.2485637
1475213035.2471879
1475213036.2513570
1475213037.2483634
1475213038.2479571
1475213039.2514041
1475213040.2479164
1475213041.2473011
1475213042.2478096
1475213043.2473718
1475213044.2495699
1475213045.2479455
1475213046.2501880
1475213047.2526130
1475213048.2485016
1475213049.2478992
1475213050.2475674
1475213051.2494831
1475213052.2493719
1475213053.2479720
1475213054.2481605
1475213055.2489734
1475213056.2494344
1475213057.2477038
1475213058.2542891
1475213059.2552695
1475213060.2489721
1475213061.2527670
1475213062.2502169
1475213063.2479538
1475213064.2490339
1475213065.2483003
1475213066.2487553
1475213067.2516040
1475213068.2487074
1475213069.2483000
1475213070.2477920
1475213071.2481450
1475213072.2528614
1475213073.2507005
1475213074.2653667
1475213075.2484094
1475213076.2497976
1475213077.2497174
1475213078.2517070
1475213079.2498231
1475213080.2484961
1475213081.2499120
1475213082.2487750
1475213083.2481885
1475213084.2489408
1475213085.2482239
1475213086.2487974
1475213087.2488444
1475213088.2484342
1475213089.2513912
1475213090.2491061
1475213091.2522105
1475213092.2502486
1475213093.2484751
1475213094.2502646
1475213095.2523249
1475213096.2485809
1475213097.2486834
1475213098.2494144
1475213099.2489510
1475213100.2507983
1475213101.2485887
1475213102.2491433
1475213103.2490340
1475213104.2554710
1475213105.2552497
1475213106.2552486
1475213107.2487408
1475213108.2495547
1475213109.2521433
1475213110.2491432
1475213111.2491767
1475213112.2493131
1475213113.2501913
1475213114.2531757
1475213115.2552473
1475213116.2552484
1475213117.2553625
1475213118.2504170
1475213119.2500340
1475213120.2521225
1475213121.2489735
1475213122.2511469
1475213123.2490254
1475213124.2498608
1475213125.2511356
1475213126.2495025
1475213127.2506914
1475213128.2502561
1475213129.2497435
1475213130.2496648
1475213131.2553881
1475213132.2494352
1475213133.2502865
1475213134.2504965
1475213135.2556618
1475213136.2552480
1475213137.2552468
1475213138.2534726
1475213139.2552470
1475213140.2552477
1475213141.2552457
1475213142.2592531
1475213143.2552481
1475213144.2552481
1475213145.2552495
1475213146.2552459
1475213147.2552490
1475213148.2594332
1475213149.2552474
1475213150.2552510
1475213151.2552485
1475213152.2552484
1475213153.2552499
1475213154.2518319
1475213155.2552474
1475213156.2552990
1475213157.2552484
1475213158.2576843
1475213159.2552686
1475213160.2552486
1475213161.2552501
1475213162.2552490
1475213163.2552486
1475213164.2552474
1475213165.2552476
1475213166.2552484
1475213167.2579026
1475213168.2543947
1475213169.2552495
1475213170.2552479
1475213171.2552478
1475213172.2552546
1475213173.2553628
1475213174.2553774
1475213175.2552575
1475213176.2502518
1475213177.2541735
1475213178.2542666
1475213179.2504395
1475213180.2504841
1475213181.2506553
1475213182.2515717
1475213183.2518667
1475213184.2505180
1475213185.2540536
1475213186.2508133
1475213187.2508365
1475213188.2519121
1475213189.2527658
1475213190.2510397
1475213191.2513013
1475213192.2509111
1475213193.2516020
1475213194.2507391
1475213195.2507621
1475213196.2514903
1475213197.2507706
1475213198.2509769
1475213199.2510883
1475213200.2513344
1475213201.2509484
1475213202.2542835
1475213203.2511180
1475213204.2512208
1475213205.2517054
1475213206.2516154
1475213207.2517543
1475213208.2523159
1475213209.2521188
1475213210.2549432
1475213211.2549651
1475213212.2522427
1475213213.2521964
1475213214.2514182
1475213215.2517050
1475213216.2520999
1475213217.2535295
1475213218.2546534
1475213219.2536368
1475213220.2521233
1475213221.2533991
1475213222.2531632
1475213223.2532180
1475213224.2547831
1475213225.2532681
1475213226.2553960
1475213227.2553797
1475213228.2517949
1475213229.2530616
1475213230.2554767
1475213231.2516496
1475213232.2521325
1475213233.2554798
1475213234.2652477
1475213235.2516889
1475213236.2523369
1475213237.2518902
1475213238.2518943
1475213239.2556397
1475213240.2520800
1475213241.2531010
1475213242.2526432
1475213243.2534020
1475213244.2582601
1475213245.2579613
1475213246.2624742
1475213247.2602315
1475213248.2595194
1475213249.2588389
1475213250.2595090
1475213251.2595740
1475213252.2545117
1475213253.2537225
1475213254.2551160
1475213255.2522267
1475213256.2532385
1475213257.2545707
1475213258.2522458
1475213259.2523557
1475213260.2522473
1475213261.2557303
1475213262.2524275
1475213263.2540144
1475213264.2537262
1475213265.2546209
1475213266.2529521
1475213267.2615638
1475213268.2582733
1475213269.2532547
1475213270.2532770
1475213271.2526792
1475213272.2564368
1475213273.2538833
1475213274.2525204
1475213275.2526928
1475213276.2531675
1475213277.2565694
1475213278.2652521
1475213279.2533021
1475213280.2537696
1475213281.2548806
1475213282.2574197
1475213283.2541986
1475213284.2530448
1475213285.2542088
1475213286.2566007
1475213287.2532761
1475213288.2534630
1475213289.2529692
1475213290.2540342
1475213291.2531787
1475213292.2532564
1475213293.2541437
1475213294.2590694
1475213295.2582243
1475213296.2607034
1475213297.2533059
1475213298.2537809
1475213299.2536446
1475213300.2532700
1475213301.2545108
1475213302.2563628
1475213303.2544408
1475213304.2571704
1475213305.2545107
1475213306.2561676
1475213307.2536326
1475213308.2533448
1475213309.2544947
1475213310.2539639
1475213311.2545991
1475213312.2578879
1475213313.2536833
1475213314.2535448
1475213315.2543248
1475213316.2537984
1475213317.2544374
1475213318.2588655
1475213319.2626756
1475213320.2652530
1475213321.2623572
1475213322.2552506
1475213323.2594899
1475213324.2588384
1475213325.2618943
1475213326.2583723
1475213327.2618268
1475213328.2588945
1475213329.2598072
1475213330.2623840
1475213331.2643205
1475213332.2578231
1475213333.2605356
1475213334.2603215
1475213335.2619988
1475213336.2583958
1475213337.2623286
1475213338.2594922
1475213339.2652489
1475213340.2598190
1475213341.2622843
1475213342.2638927
1475213343.2600086
1475213344.2634762
1475213345.2605619
1475213346.2596619
1475213347.2622381
1475213348.2607209
1475213349.2584587
1475213350.2599735
1475213351.2622187
1475213352.2626724
1475213353.2596546
1475213354.2627229
1475213355.2594838
1475213356.2592658
1475213357.2609972
1475213358.2590663
1475213359.2624896
1475213360.2590905
1475213361.2619140
1475213362.2617139
1475213363.2638058
1475213364.2589194
1475213365.2604919
1475213366.2596033
1475213367.2622090
1475213368.2621939
1475213369.2605829
1475213370.2595175
1475213371.2595851
1475213372.2552477
1475213373.2608270
1475213374.2604471
1475213375.2620060
1475213376.2635670
1475213377.2592175
1475213378.2614248
1475213379.2594948
1475213380.2638675
1475213381.2607914
1475213382.2622383
1475213383.2652489
1475213384.2603306
1475213385.2593034
1475213386.2652487
1475213387.2600350
1475213388.2594961
1475213389.2652472
1475213390.2603379
1475213391.2604587
1475213392.2607148
1475213393.2635836
1475213394.2652482
1475213395.2604639
1475213396.2607906
1475213397.2652471
1475213398.2628926
1475213399.2599523
1475213400.2598197
1475213401.2596359
1475213402.2609172
1475213403.2652484
1475213404.2599661
1475213405.2596629
1475213406.2610972
1475213407.2631271
1475213408.2652477
1475213409.2615504
1475213410.2640325
1475213411.2597568
1475213412.2607526
1475213413.2605133
1475213414.2640089
1475213415.2597079
1475213416.2622482
1475213417.2652490
1475213418.2652512
1475213419.2602512
1475213420.2607936
1475213421.2652479
1475213422.2601973
1475213423.2604438
1475213424.2616350
1475213425.2621351
1475213426.2623600
1475213427.2620077
1475213428.2605061
1475213429.2642880
1475213430.2606453
1475213431.2652489
1475213432.2621035
1475213433.2572886
1475213434.2652498
1475213435.2614035
1475213436.2623382
1475213437.2611573
1475213438.2626153
1475213439.2652586
1475213440.2606216
1475213441.2580944
1475213442.2570496
1475213443.2603553
1475213444.2566685
1475213445.2573351
1475213446.2573912
1475213447.2579391
1475213448.2572721
1475213449.2581281
1475213450.2574718
1475213451.2577150
1475213452.2596089
1475213453.2568421
1475213454.2574946
1475213455.2568835
1475213456.2590325
1475213457.2574633
1475213458.2576346
1475213459.2652508
1475213460.2589929
1475213461.2568600
1475213462.2568619
1475213463.2588684
1475213464.2570768
1475213465.2590795
1475213466.2601861
1475213467.2577059
1475213468.2570479
1475213469.2578301
1475213470.2573902
1475213471.2578795
1475213472.2578468
1475213473.2581857
1475213474.2596422
1475213475.2574718
1475213476.2652480
1475213477.2652494
1475213478.2574623
1475213479.2572930
1475213480.2652475
1475213481.2573187
1475213482.2574972
1475213483.2578921
1475213484.2575148
1475213485.2575419
1475213486.2575627
1475213487.2582034
1475213488.2585826
1475213489.2582269
1475213490.2614365
1475213491.2614687
1475213492.2629775
1475213493.2652644
1475213494.2653798
1475213495.2629338
1475213496.2652482
1475213497.2653558
1475213498.2620404
1475213499.2652650
1475213500.2652483
1475213501.2652474
1475213502.2620786
1475213503.2634999
1475213504.2652789
1475213505.2621777
1475213506.2589112
1475213507.2582838
1475213508.2584968
1475213509.2581476
1475213510.2630058
1475213511.2752520
1475213512.2583104
1475213513.2582217
1475213514.2587317
1475213515.2584992
1475213516.2610178
1475213517.2581773
1475213518.2583265
1475213519.2591048
1475213520.2621820
1475213521.2583664
1475213522.2586763
1475213523.2593498
1475213524.2609127
1475213525.2587702
1475213526.2639512
1475213527.2652479
1475213528.2586098
1475213529.2590713
1475213530.2646331
1475213531.2638675
1475213532.2652476
1475213533.2653746
1475213534.2600670
1475213535.2591441
1475213536.2587220
1475213537.2587195
1475213538.2587710
1475213539.2625871
1475213540.2603133
1475213541.2624012
1475213542.2590997
1475213543.2593124
1475213544.2589571
1475213545.2620450
1475213546.2627202
1475213547.2600444
1475213548.2597920
1475213549.2601119
1475213550.2696189
1475213551.2613228
1475213552.2650352
1475213553.2600232
1475213554.2590823
1475213555.2599977
1475213556.2590783
1475213557.2593257
1475213558.2593281
1475213559.2604868
1475213560.2595964
1475213561.2594200
1475213562.2608193
1475213563.2596183
1475213564.2598679
1475213565.2611252
1475213566.2600996
1475213567.2632334
1475213568.2627099
1475213569.2624262
1475213570.2593785
1475213571.2595565
1475213572.2596634
1475213573.2608288
1475213574.2634112
1475213575.2606175
1475213576.2620020
1475213577.2619672
1475213578.2636414
1475213579.2606612
1475213580.2611156
1475213581.2628148
1475213582.2653806
1475213583.2611805
1475213584.2598994
1475213585.2622260
1475213586.2605857
1475213587.2606014
1475213588.2598199
1475213589.2652466
1475213590.2600122
1475213591.2609662
1475213592.2602479
1475213593.2613398
1475213594.2607089
1475213595.2653664
1475213596.2603505
1475213597.2605850
1475213598.2605707
1475213599.2604031
1475213600.2603434
1475213601.2614997
1475213602.2615123
1475213603.2626926
1475213604.2656226
1475213605.2609052
1475213606.2610397
1475213607.2642514
1475213608.2607782
1475213609.2642438
1475213610.2642724
1475213611.2604680
1475213612.2618421
1475213613.2614828
1475213614.2643468
1475213615.2627986
1475213616.2623777
1475213617.2610713
1475213618.2608718
1475213619.2607895
1475213620.2617886
1475213621.2606263
1475213622.2619247
1475213623.2627601
1475213624.2613058
1475213625.2640835
1475213626.2608312
1475213627.2625318
1475213628.2652488
1475213629.2652496
1475213630.2652491
1475213631.2652472
1475213632.2652484
1475213633.2652472
1475213634.2752496
1475213635.2652468
1475213636.2652469
1475213637.2652491
1475213638.2695030
1475213639.2652477
1475213640.2652469
1475213641.2652487
1475213642.2652478
1475213643.2652504
1475213644.2652475
1475213645.2652468
1475213646.2652481
1475213647.2652483
1475213648.2726951
1475213649.2652482
1475213650.2652491
1475213651.2693389
1475213652.2668800
1475213653.2694495
1475213654.2680013
1475213655.2678164
1475213656.2721898
1475213657.2675280
1475213658.2677114
1475213659.2719966
1475213660.2721670
1475213661.2737218
1475213662.2681883
1475213663.2681330
1475213664.2688846
1475213665.2719794
1475213666.2747777
1475213667.2678456
1475213668.2676025
1475213669.2681027
1475213670.2723725
1475213671.2752489
1475213672.2678204
1475213673.2730291
1475213674.2678303
1475213675.2699925
1475213676.2720043
1475213677.2680453
1475213678.2721640
1475213679.2721726
1475213680.2693256
1475213681.2680253
1475213682.2690537
1475213683.2680727
1475213684.2678424
1475213685.2708344
1475213686.2715258
1475213687.2693494
1475213688.2652489
1475213689.2721075
1475213690.2723319
1475213691.2745268
1475213692.2663579
1475213693.2752697
1475213694.2706429
1475213695.2678146
1475213696.2719340
1475213697.2710357
1475213698.2695207
1475213699.2678129
1475213700.2679282
1475213701.2721819
1475213702.2725624
1475213703.2676907
1475213704.2678714
1475213705.2674524
1475213706.2720116
1475213707.2684857
1475213708.2725756
1475213709.2677240
1475213710.2704175
1475213711.2708927
1475213712.2694436
1475213713.2676013
1475213714.2682701
1475213715.2720692
1475213716.2717378
1475213717.2721357
1475213718.2696250
1475213719.2711503
1475213720.2693151
1475213721.2673138
1475213722.2693053
1475213723.2724136
1475213724.2688786
1475213725.2708486
1475213726.2722918
1475213727.2748054
1475213728.2752494
1475213729.2701624
1475213730.2679200
1475213731.2709521
1475213732.2726352
1475213733.2678201
1475213734.2694675
1475213735.2711635
1475213736.2678002
1475213737.2707838
1475213738.2675584
1475213739.2679413
1475213740.2674371
1475213741.2707337
1475213742.2709544
1475213743.2694977
1475213744.2692075
1475213745.2714546
1475213746.2720195
1475213747.2679305
1475213748.2725311
1475213749.2697906
1475213750.2720474
1475213751.2681721
1475213752.2716416
1475213753.2680979
1475213754.2684572
1475213755.2728509
1475213756.2694880
1475213757.2717228
1475213758.2743207
1475213759.2709917
1475213760.2720922
1475213761.2714589
1475213762.2679390
1475213763.2721450
1475213764.2749497
1475213765.2752494
1475213766.2693643
1475213767.2709744
1475213768.2726826
1475213769.2744427
1475213770.2698283
1475213771.2702665
1475213772.2704364
1475213773.2707420
1475213774.2715932
1475213775.2689079
1475213776.2704908
1475213777.2693297
1475213778.2709572
1475213779.2721377
1475213780.2744921
1475213781.2721873
1475213782.2747882
1475213783.2691329
1475213784.2715900
1475213785.2723221
1475213786.2726398
1475213787.2752491
1475213788.2701036
1475213789.2703134
1475213790.2718755
1475213791.2726172
1475213792.2725219
1475213793.2722798
1475213794.2724196
1475213795.2726191
1475213796.2704160
1475213797.2696512
1475213798.2700084
1475213799.2720419
1475213800.2716347
1475213801.2745159
1475213802.2693374
1475213803.2719544
1475213804.2729796
1475213805.2695776
1475213806.2709931
1475213807.2721995
1475213808.2693879
1475213809.2718871
1475213810.2708339
1475213811.2720168
1475213812.2725940
1475213813.2693756
1475213814.2716825
1475213815.2700434
1475213816.2719436
1475213817.2719603
1475213818.2695713
1475213819.2689389
1475213820.2713623
1475213821.2713788
1475213822.2723784
1475213823.2747421
1475213824.2702796
1475213825.2721700
1475213826.2723418
1475213827.2720323
1475213828.2708461
1475213829.2701239
1475213830.2752462
1475213831.2710528
1475213832.2717208
1475213833.2726775
1475213834.2701942
1475213835.2704317
1475213836.2711618
1475213837.2722193
1475213838.2752470
1475213839.2752492
1475213840.2706322
1475213841.2746524
1475213842.2752500
