1475419478.1131109
1475419479.1142524
1475419480.1129843
1475419481.1132156
1475419482.1128607
1475419483.1356973
1475419484.1127092
1475419485.1126692
1475419486.1139543
1475419487.1168918
1475419488.1157362
1475419489.1160167
1475419490.1138420
1475419491.1161090
1475419492.1129806
1475419493.1142050
1475419494.1157595
1475419495.1132052
1475419496.1130442
1475419497.1108156
1475419498.1131845
1475419499.1176258
1475419500.1157547
1475419501.1151317
1475419502.1138997
1475419503.1164871
1475419504.1135326
1475419505.1139414
1475419506.1156885
1475419507.1136301
1475419508.1179348
1475419509.1163782
1475419510.1167661
1475419511.1168331
1475419512.1169001
1475419513.1138028
1475419514.1096083
1475419515.1158938
1475419516.1158475
1475419517.1136323
1475419518.1166332
1475419519.1159595
1475419520.1143774
1475419521.1180392
1475419522.1177723
1475419523.1168565
1475419524.1178725
1475419525.1139720
1475419526.1097524
1475419527.1158349
1475419528.1158912
1475419529.1163885
1475419530.1148885
1475419531.1159599
1475419532.1148411
1475419533.1158976
1475419534.1153904
1475419535.1180132
1475419536.1114937
1475419537.1151334
1475419538.1178428
1475419539.1178151
1475419540.1145888
1475419541.1147277
1475419542.1153354
1475419543.1168734
1475419544.1160620
1475419545.1147456
1475419546.1153191
1475419547.1163542
1475419548.1101771
1475419549.1175007
1475419550.1160217
1475419551.1155622
1475419552.1151160
1475419553.1167848
1475419554.1181004
1475419555.1147885
1475419556.1163033
1475419557.1145307
1475419558.1178372
1475419559.1152061
1475419560.1160765
1475419561.1169118
1475419562.1171951
1475419563.1164580
1475419564.1171180
1475419565.1180426
1475419566.1169409
1475419567.1165919
1475419568.1147776
1475419569.1156126
1475419570.1148899
1475419571.1159284
1475419572.1170178
1475419573.1182914
1475419574.1150395
1475419575.1157711
1475419576.1171252
1475419577.1176655
1475419578.1154754
1475419579.1157533
1475419580.1171433
1475419581.1168995
1475419582.1119418
1475419583.1160667
1475419584.1208905
1475419585.1160587
1475419586.1158976
1475419587.1160351
1475419588.1165865
1475419589.1168561
1475419590.1177130
1475419591.1164182
1475419592.1192268
1475419593.1178436
1475419594.1237997
1475419595.1176277
1475419596.1181653
1475419597.1160853
1475419598.1178009
1475419599.1162449
1475419600.1179569
1475419601.1164012
1475419602.1165605
1475419603.1168138
1475419604.1159562
1475419605.1115598
1475419606.1142205
1475419607.1128202
1475419608.1171147
1475419609.1171924
1475419610.1164231
1475419611.1257303
1475419612.1242325
1475419613.1163797
1475419614.1177659
1475419615.1181590
1475419616.1161563
1475419617.1173110
1475419618.1163605
1475419619.1210603
1475419620.1180639
1475419621.1164856
1475419622.1168503
1475419623.1168612
1475419624.1172497
1475419625.1170121
1475419626.1178911
1475419627.1182320
1475419628.1179564
1475419629.1162746
1475419630.1176855
