1475134083.4004289
1475134084.3904522
1475134085.3967367
1475134086.3930077
1475134087.3949447
1475134088.3963669
1475134089.3971847
1475134090.3931855
1475134091.3949638
1475134092.3972806
1475134093.4004187
1475134094.3926554
1475134095.3953337
1475134096.3975065
1475134097.3974188
1475134098.3943095
1475134099.3966889
1475134100.3974850
1475134101.3974216
1475134102.3891913
1475134103.4004208
1475134104.3928150
1475134105.3958264
1475134106.3972383
1475134107.3996118
1475134108.3911132
1475134109.3944015
1475134110.3965319
1475134111.3973821
1475134112.3994472
1475134113.4004186
1475134114.3960034
1475134115.4004201
1475134116.3974497
1475134117.3965999
1475134118.3981901
1475134119.3936037
1475134120.3957431
1475134121.3945442
1475134122.3972225
1475134123.3967684
1475134124.3904509
1475134125.3965579
1475134126.3983867
1475134127.3979967
1475134128.4004195
1475134129.3943973
1475134130.3972235
1475134131.3993129
1475134132.3909494
1475134133.3970660
1475134134.3899985
1475134135.3942444
1475134136.3959189
1475134137.3984176
1475134138.4004214
1475134139.3940032
1475134140.3967722
1475134141.3991476
1475134142.3945518
1475134143.3975179
1475134144.3974758
1475134145.3975119
1475134146.3943922
1475134147.3966171
1475134148.3986792
1475134149.3965658
1475134150.3993097
1475134151.4004195
1475134152.4004193
1475134153.3904524
1475134154.3967612
1475134155.3976543
1475134156.3964440
1475134157.4004176
1475134158.3952183
1475134159.3958716
1475134160.3973339
1475134161.4002590
1475134162.4004179
1475134163.4004189
1475134164.3970616
1475134165.4004200
1475134166.3970699
1475134167.4004185
1475134168.4004207
1475134169.3952869
1475134170.3963217
1475134171.3990316
1475134172.4004209
1475134173.4047141
1475134174.3972335
1475134175.4004191
1475134176.3972252
1475134177.3975261
1475134178.3974901
1475134179.3975694
1475134180.4004297
1475134181.3974896
1475134182.3974274
1475134183.4004191
1475134184.4004360
1475134185.4004203
1475134186.3972415
1475134187.4004193
1475134188.3964203
1475134189.3972547
1475134190.3982185
1475134191.3962541
1475134192.3991039
1475134193.4004190
1475134194.3971774
1475134195.3973967
1475134196.3964854
1475134197.4004273
1475134198.3971396
1475134199.3966537
1475134200.3991916
1475134201.4004204
1475134202.4004299
1475134203.3969219
1475134204.3977468
1475134205.3972205
1475134206.4004212
1475134207.3957861
1475134208.3965307
1475134209.3975324
1475134210.4004197
1475134211.4004192
1475134212.4004190
1475134213.3991656
1475134214.3988561
1475134215.4004279
1475134216.4067780
1475134217.3984767
1475134218.4000642
1475134219.3974647
1475134220.4004195
1475134221.3994678
1475134222.3971504
1475134223.4068515
1475134224.3998693
1475134225.4004189
1475134226.4007611
1475134227.4004292
1475134228.4048857
1475134229.3975020
1475134230.4004195
1475134231.3981654
1475134232.3974801
1475134233.3974909
1475134234.4032647
1475134235.4004178
1475134236.3982986
1475134237.3939627
1475134238.4004214
1475134239.3937545
1475134240.3938673
1475134241.3949002
1475134242.3939198
1475134243.3938979
1475134244.4004207
1475134245.3939076
1475134246.3960950
1475134247.3945559
1475134248.4005294
1475134249.3942607
1475134250.3944392
1475134251.3951861
1475134252.3943742
1475134253.3944208
1475134254.4004271
1475134255.4033261
1475134256.4004188
1475134257.3952638
1475134258.3944818
1475134259.3952027
1475134260.3945902
1475134261.3960789
1475134262.3952791
1475134263.4004210
1475134264.4032771
1475134265.4004193
1475134266.4004185
1475134267.3948592
1475134268.3951526
1475134269.3950078
1475134270.3952708
1475134271.3950324
1475134272.3959424
1475134273.3950204
1475134274.3951055
1475134275.4001991
1475134276.4005190
1475134277.3954506
1475134278.3985828
1475134279.4004196
1475134280.3953828
1475134281.4089155
1475134282.4004363
1475134283.3957493
1475134284.3954900
1475134285.3957972
1475134286.4007911
1475134287.3960689
1475134288.3957925
1475134289.3956892
1475134290.3962827
1475134291.4001475
1475134292.4004201
1475134293.4005023
1475134294.3960444
1475134295.3960945
1475134296.3958930
1475134297.3959211
1475134298.4004199
1475134299.3968661
1475134300.3963754
1475134301.3966977
1475134302.3982259
1475134303.3963644
1475134304.3962546
1475134305.3965372
1475134306.3970053
1475134307.3965779
1475134308.3972652
1475134309.3971068
1475134310.3965915
1475134311.3964833
1475134312.3965177
1475134313.3966893
1475134314.4056968
1475134315.4009587
1475134316.4057564
1475134317.4104212
1475134318.3981113
1475134319.4069788
1475134320.4058718
1475134321.4065665
1475134322.4104263
1475134323.4009354
1475134324.3971581
1475134325.3972926
1475134326.3973730
1475134327.4101000
1475134328.3991769
1475134329.3975536
1475134330.4099609
1475134331.3981918
1475134332.3973020
1475134333.4045225
1475134334.3979083
1475134335.3975476
1475134336.4063590
1475134337.4065960
1475134338.4072721
1475134339.4078312
1475134340.3977376
1475134341.3984875
1475134342.3977611
1475134343.3980454
1475134344.3981837
1475134345.3979810
1475134346.3978968
1475134347.3986716
1475134348.3981300
1475134349.3981643
1475134350.4099695
1475134351.3983962
1475134352.4090130
1475134353.3987566
1475134354.4045518
1475134355.3984889
1475134356.4105130
1475134357.4072659
1475134358.4014894
1475134359.4068769
1475134360.3987295
1475134361.3986687
1475134362.3984726
1475134363.3996017
1475134364.4067043
1475134365.4104212
1475134366.3986671
1475134367.3990187
1475134368.3988928
1475134369.3987314
1475134370.4087554
1475134371.3988720
1475134372.3991021
1475134373.3990628
1475134374.3992110
1475134375.3996910
1475134376.3990423
1475134377.3991071
1475134378.3991954
1475134379.3991260
1475134380.3992278
1475134381.4104428
1475134382.3993543
1475134383.4005293
1475134384.4034714
1475134385.4104219
1475134386.4105432
1475134387.4006227
1475134388.3998093
1475134389.3996206
1475134390.3999936
1475134391.3998657
1475134392.4097457
1475134393.4060335
1475134394.3997850
1475134395.4011764
1475134396.4055074
1475134397.4078058
1475134398.4073463
1475134399.4008141
1475134400.4015279
1475134401.3999808
1475134402.4013523
1475134403.4007328
1475134404.4065112
1475134405.4087323
1475134406.4005663
1475134407.4007124
1475134408.4004185
1475134409.4007160
1475134410.4011887
1475134411.4004782
1475134412.4008859
1475134413.4006335
1475134414.4091484
1475134415.4104224
1475134416.4068330
1475134417.4104274
1475134418.4057857
1475134419.4012313
1475134420.4008948
1475134421.4106138
1475134422.4061380
1475134423.4104240
1475134424.4059440
1475134425.4104451
1475134426.4051179
1475134427.4010429
1475134428.4014163
1475134429.4011453
1475134430.4085800
1475134431.4015291
1475134432.4014778
1475134433.4013005
1475134434.4018243
1475134435.4028802
1475134436.4104283
1475134437.4014056
1475134438.4014848
1475134439.4016142
1475134440.4017941
1475134441.4026943
1475134442.4031917
1475134443.4031690
1475134444.4104204
1475134445.4022130
1475134446.4024706
1475134447.4020023
1475134448.4018363
1475134449.4018966
1475134450.4021403
1475134451.4024704
1475134452.4020750
1475134453.4026060
1475134454.4024851
1475134455.4022691
1475134456.4023025
1475134457.4022955
1475134458.4023178
1475134459.4022386
1475134460.4022711
1475134461.4028861
1475134462.4076788
1475134463.4075386
1475134464.4104811
1475134465.4036006
1475134466.4030326
1475134467.4027262
1475134468.4026122
1475134469.4040195
1475134470.4034782
1475134471.4040624
1475134472.4028250
1475134473.4028985
1475134474.4032549
1475134475.4105104
1475134476.4034248
1475134477.4029718
1475134478.4034052
1475134479.4030416
1475134480.4035448
1475134481.4031975
1475134482.4105509
1475134483.4104248
1475134484.4032453
1475134485.4034943
1475134486.4134045
1475134487.4034831
1475134488.4088888
1475134489.4104272
1475134490.4039827
1475134491.4034948
1475134492.4104372
1475134493.4177334
1475134494.4104210
1475134495.4104197
1475134496.4104239
1475134497.4044792
1475134498.4050974
1475134499.4039145
1475134500.4044335
1475134501.4039861
1475134502.4105373
1475134503.4104185
1475134504.4104216
1475134505.4105267
1475134506.4104247
1475134507.4043522
1475134508.4043957
1475134509.4043817
1475134510.4104219
1475134511.4104186
1475134512.4204524
1475134513.4104175
1475134514.4104197
1475134515.4048025
1475134516.4045131
1475134517.4104198
1475134518.4104282
1475134519.4104194
1475134520.4094117
1475134521.4104293
1475134522.4047133
1475134523.4051150
1475134524.4051091
1475134525.4055901
1475134526.4049905
1475134527.4050592
1475134528.4051223
1475134529.4050851
1475134530.4050806
1475134531.4051055
1475134532.4056480
1475134533.4053055
1475134534.4055854
1475134535.4104206
1475134536.4058747
1475134537.4058591
1475134538.4053125
1475134539.4105107
1475134540.4105320
1475134541.4055199
1475134542.4065267
1475134543.4056473
1475134544.4055502
1475134545.4055834
1475134546.4057415
1475134547.4055353
1475134548.4105329
1475134549.4104190
1475134550.4104203
1475134551.4105348
1475134552.4104189
1475134553.4104211
1475134554.4104195
1475134555.4104202
1475134556.4105519
1475134557.4104211
1475134558.4105347
1475134559.4104194
1475134560.4104183
1475134561.4105341
1475134562.4064160
1475134563.4061878
1475134564.4104269
1475134565.4104169
1475134566.4069118
1475134567.4104191
1475134568.4063753
1475134569.4067613
1475134570.4066278
1475134571.4066172
1475134572.4068771
1475134573.4130614
1475134574.4148944
1475134575.4157708
1475134576.4073069
1475134577.4071263
1475134578.4132536
1475134579.4068874
1475134580.4070784
1475134581.4071500
1475134582.4075079
1475134583.4159061
1475134584.4180322
1475134585.4197399
1475134586.4090264
1475134587.4080063
1475134588.4128209
1475134589.4161824
1475134590.4075057
1475134591.4126249
1475134592.4168625
1475134593.4074331
1475134594.4162817
1475134595.4086897
1475134596.4153710
1475134597.4188293
1475134598.4204624
1475134599.4176096
1475134600.4079735
1475134601.4080082
1475134602.4082505
1475134603.4077855
1475134604.4086208
1475134605.4079991
1475134606.4095912
1475134607.4081248
1475134608.4080824
1475134609.4205683
1475134610.4083473
1475134611.4086584
1475134612.4204553
1475134613.4081958
1475134614.4082454
1475134615.4084616
1475134616.4086276
1475134617.4126969
1475134618.4152695
1475134619.4204484
1475134620.4160501
1475134621.4154708
