1475093693.5249935
1475093694.5207503
1475093695.5202690
1475093696.5201704
1475093697.5253627
1475093698.5249160
1475093699.5249085
1475093700.5202849
1475093701.5199822
1475093702.5195251
1475093703.5203592
1475093704.5253365
1475093705.5218510
1475093706.5198272
1475093707.5195154
1475093708.5249078
1475093709.5254057
1475093710.5194224
1475093711.5248934
1475093712.5254269
1475093713.5196794
1475093714.5201640
1475093715.5220107
1475093716.5197200
1475093717.5250136
1475093718.5258475
1475093719.5254200
1475093720.5249241
1475093721.5204602
1475093722.5359136
1475093723.5210536
1475093724.5193623
1475093725.5211983
1475093726.5197973
1475093727.5197862
1475093728.5198081
1475093729.5249059
1475093730.5207051
1475093731.5195024
1475093732.5249097
1475093733.5198437
1475093734.5202918
1475093735.5216322
1475093736.5201815
1475093737.5258219
1475093738.5195408
1475093739.5193603
1475093740.5198153
1475093741.5205906
1475093742.5256087
1475093743.5205411
1475093744.5249060
1475093745.5222379
1475093746.5209669
1475093747.5197229
1475093748.5199073
1475093749.5202047
1475093750.5201079
1475093751.5198742
1475093752.5197672
1475093753.5249252
1475093754.5198122
1475093755.5196749
1475093756.5216361
1475093757.5203446
1475093758.5198335
1475093759.5196308
1475093760.5195067
1475093761.5197404
1475093762.5196674
1475093763.5199142
1475093764.5252732
1475093765.5196338
1475093766.5219000
1475093767.5197510
1475093768.5196523
1475093769.5204972
1475093770.5198411
1475093771.5197559
1475093772.5193391
1475093773.5255907
1475093774.5198177
1475093775.5196890
1475093776.5199373
1475093777.5201312
1475093778.5208405
1475093779.5194935
1475093780.5196245
1475093781.5205110
1475093782.5198816
1475093783.5194506
1475093784.5255939
1475093785.5254060
1475093786.5209870
1475093787.5255644
1475093788.5255623
1475093789.5198605
1475093790.5206331
1475093791.5198120
1475093792.5200742
1475093793.5207077
1475093794.5253666
1475093795.5251984
1475093796.5200650
1475093797.5197912
1475093798.5203364
1475093799.5196063
1475093800.5253447
1475093801.5199569
1475093802.5203942
1475093803.5228679
1475093804.5255399
1475093805.5255414
1475093806.5226298
1475093807.5257991
1475093808.5253815
1475093809.5215166
1475093810.5240507
1475093811.5256967
1475093812.5256232
1475093813.5202511
1475093814.5252194
1475093815.5193802
1475093816.5254346
1475093817.5250952
1475093818.5253805
1475093819.5255521
1475093820.5255819
1475093821.5204585
1475093822.5201673
1475093823.5212227
1475093824.5200786
1475093825.5194950
1475093826.5220454
1475093827.5201028
1475093828.5206442
1475093829.5253918
1475093830.5198139
1475093831.5209640
1475093832.5195490
1475093833.5200403
1475093834.5256854
1475093835.5254132
1475093836.5210207
1475093837.5253776
1475093838.5193889
1475093839.5205392
1475093840.5251421
1475093841.5198167
1475093842.5200676
1475093843.5197295
1475093844.5251051
1475093845.5203839
1475093846.5215408
1475093847.5251462
1475093848.5202332
1475093849.5257189
1475093850.5207026
1475093851.5203869
1475093852.5196388
1475093853.5251612
1475093854.5201450
1475093855.5198395
1475093856.5198207
1475093857.5214754
1475093858.5193835
1475093859.5198247
1475093860.5208784
1475093861.5201012
1475093862.5198103
1475093863.5207659
1475093864.5194213
1475093865.5201890
1475093866.5199386
1475093867.5207245
1475093868.5232945
1475093869.5257229
1475093870.5253890
1475093871.5202078
1475093872.5198150
1475093873.5205814
1475093874.5204600
1475093875.5194872
1475093876.5196183
1475093877.5208431
1475093878.5196425
1475093879.5195093
1475093880.5198930
1475093881.5255728
1475093882.5199641
1475093883.5199425
1475093884.5257329
1475093885.5207386
1475093886.5254797
1475093887.5216679
1475093888.5251208
1475093889.5200966
1475093890.5253510
1475093891.5203231
1475093892.5196142
1475093893.5203074
1475093894.5200504
1475093895.5196455
1475093896.5201434
1475093897.5207549
1475093898.5212105
1475093899.5253754
1475093900.5258056
1475093901.5240933
1475093902.5206950
1475093903.5213393
1475093904.5198019
1475093905.5255238
1475093906.5213247
1475093907.5236412
1475093908.5256543
1475093909.5255444
1475093910.5207346
1475093911.5198054
1475093912.5194903
1475093913.5206768
1475093914.5195636
1475093915.5206919
1475093916.5255093
1475093917.5252937
1475093918.5196055
1475093919.5203890
1475093920.5202405
1475093921.5250958
1475093922.5204361
1475093923.5198248
1475093924.5222544
1475093925.5254134
1475093926.5200922
1475093927.5256606
1475093928.5256887
1475093929.5193848
1475093930.5194025
1475093931.5194299
1475093932.5194532
1475093933.5194305
1475093934.5194338
1475093935.5195549
1475093936.5194382
1475093937.5194346
1475093938.5194750
1475093939.5193217
1475093940.5194576
1475093941.5194743
1475093942.5193612
1475093943.5194554
1475093944.5195537
1475093945.5193915
1475093946.5194354
1475093947.5197307
1475093948.5193611
1475093949.5193377
1475093950.5197139
1475093951.5194498
1475093952.5193519
1475093953.5193480
1475093954.5194876
1475093955.5194137
1475093956.5193407
1475093957.5193472
1475093958.5195421
1475093959.5195826
1475093960.5193476
1475093961.5193395
1475093962.5195351
1475093963.5193478
1475093964.5193451
1475093965.5194578
1475093966.5193498
1475093967.5193392
1475093968.5194510
1475093969.5193445
1475093970.5194073
1475093971.5194201
1475093972.5194499
1475093973.5194358
1475093974.5194456
1475093975.5194715
1475093976.5193386
1475093977.5194416
1475093978.5194679
1475093979.5193328
1475093980.5193816
1475093981.5194728
1475093982.5193339
1475093983.5193326
1475093984.5197153
1475093985.5195348
1475093986.5193449
1475093987.5193256
1475093988.5194582
1475093989.5194474
1475093990.5193557
1475093991.5194531
1475093992.5193560
1475093993.5193937
1475093994.5194889
1475093995.5194605
1475093996.5194073
1475093997.5194115
1475093998.5194535
1475093999.5193394
1475094000.5194628
1475094001.5194759
1475094002.5193454
1475094003.5193456
1475094004.5193795
1475094005.5194712
1475094006.5193676
1475094007.5193906
1475094008.5194515
1475094009.5193354
1475094010.5193480
1475094011.5194576
1475094012.5194543
1475094013.5193404
1475094014.5193437
1475094015.5197318
1475094016.5193696
1475094017.5193417
1475094018.5193493
1475094019.5194627
1475094020.5200760
1475094021.5193457
1475094022.5193260
1475094023.5195456
1475094024.5194236
1475094025.5194467
1475094026.5194728
1475094027.5193294
1475094028.5193325
1475094029.5194830
1475094030.5193446
1475094031.5193794
1475094032.5195180
1475094033.5194021
1475094034.5193515
1475094035.5197273
1475094036.5193462
1475094037.5193450
1475094038.5197017
1475094039.5194428
1475094040.5193301
1475094041.5193445
1475094042.5193276
1475094043.5197270
1475094044.5193444
1475094045.5193978
1475094046.5196967
1475094047.5194020
1475094048.5193482
1475094049.5193466
1475094050.5194481
1475094051.5194285
1475094052.5193524
1475094053.5194171
1475094054.5194572
1475094055.5193381
1475094056.5194425
1475094057.5194429
1475094058.5193703
1475094059.5194722
1475094060.5194693
1475094061.5193681
1475094062.5193420
1475094063.5194727
1475094064.5193516
1475094065.5193497
1475094066.5194510
1475094067.5193418
1475094068.5193398
1475094069.5194828
1475094070.5193759
1475094071.5193990
1475094072.5197605
1475094073.5194532
1475094074.5195309
1475094075.5194320
1475094076.5194111
1475094077.5194712
1475094078.5193494
1475094079.5193407
1475094080.5197276
1475094081.5193395
1475094082.5193777
1475094083.5193939
1475094084.5194492
1475094085.5195127
1475094086.5194050
1475094087.5194256
1475094088.5195104
1475094089.5193250
1475094090.5193479
1475094091.5195466
1475094092.5193455
1475094093.5194694
1475094094.5195768
1475094095.5193709
1475094096.5193454
1475094097.5193870
1475094098.5194345
1475094099.5194918
1475094100.5194991
1475094101.5194237
1475094102.5193282
1475094103.5194536
1475094104.5194519
1475094105.5194326
1475094106.5193405
1475094107.5194679
1475094108.5193551
1475094109.5193909
1475094110.5197636
1475094111.5194017
1475094112.5193441
1475094113.5194256
1475094114.5195451
1475094115.5194500
1475094116.5193432
1475094117.5194136
1475094118.5195744
1475094119.5194514
1475094120.5193445
1475094121.5194984
1475094122.5193707
1475094123.5194067
1475094124.5194146
1475094125.5194597
1475094126.5193448
1475094127.5193413
1475094128.5194453
1475094129.5198027
1475094130.5194620
1475094131.5194520
1475094132.5193300
1475094133.5193282
1475094134.5195135
1475094135.5193354
1475094136.5193902
1475094137.5194570
1475094138.5193304
1475094139.5194178
1475094140.5198058
1475094141.5193510
1475094142.5193456
1475094143.5193500
1475094144.5194547
1475094145.5193572
1475094146.5193472
1475094147.5194317
1475094148.5194613
1475094149.5193526
1475094150.5194288
1475094151.5194545
1475094152.5194492
1475094153.5194309
1475094154.5197178
1475094155.5194579
1475094156.5193460
1475094157.5193257
1475094158.5194695
1475094159.5193827
1475094160.5193825
1475094161.5194266
1475094162.5194736
1475094163.5193975
1475094164.5194091
1475094165.5197135
1475094166.5193520
1475094167.5194187
1475094168.5193498
1475094169.5194896
1475094170.5193456
1475094171.5193535
1475094172.5194564
1475094173.5194080
1475094174.5194117
1475094175.5193839
1475094176.5194747
1475094177.5194311
1475094178.5194256
1475094179.5193430
1475094180.5194578
1475094181.5193389
1475094182.5193446
1475094183.5194303
1475094184.5194594
1475094185.5193528
1475094186.5193741
1475094187.5197043
1475094188.5195010
1475094189.5193275
1475094190.5193312
1475094191.5193473
1475094192.5194584
1475094193.5193370
1475094194.5194478
1475094195.5194710
1475094196.5193509
1475094197.5193432
1475094198.5194869
1475094199.5193781
1475094200.5193822
1475094201.5193188
1475094202.5194928
1475094203.5201261
1475094204.5193271
1475094205.5194626
1475094206.5193443
1475094207.5193444
1475094208.5194373
1475094209.5194820
1475094210.5194615
1475094211.5193482
1475094212.5194819
1475094213.5193866
1475094214.5194257
1475094215.5194876
1475094216.5194665
1475094217.5193397
1475094218.5194304
1475094219.5194748
1475094220.5193292
1475094221.5193390
1475094222.5194742
1475094223.5193345
1475094224.5193569
1475094225.5193762
1475094226.5194896
1475094227.5193381
1475094228.5194044
1475094229.5195709
1475094230.5225009
1475094231.5255629
1475094232.5255161
1475094233.5208112
1475094234.5204163
1475094235.5233253
1475094236.5254365
1475094237.5256381
1475094238.5215648
1475094239.5199741
1475094240.5224706
1475094241.5196794
1475094242.5200986
1475094243.5204921
1475094244.5201893
1475094245.5255783
1475094246.5255442
1475094247.5196297
1475094248.5256942
1475094249.5250644
1475094250.5199274
1475094251.5207042
1475094252.5194024
1475094253.5255158
1475094254.5255521
1475094255.5201094
1475094256.5205236
1475094257.5202307
1475094258.5206280
1475094259.5201886
1475094260.5272506
1475094261.5210928
1475094262.5253981
1475094263.5196744
1475094264.5201069
1475094265.5210444
1475094266.5204813
1475094267.5257775
1475094268.5220732
1475094269.5250751
1475094270.5200420
1475094271.5222807
1475094272.5255988
1475094273.5255607
1475094274.5199065
1475094275.5205537
1475094276.5254691
1475094277.5198019
1475094278.5201382
1475094279.5233710
1475094280.5205533
1475094281.5201652
1475094282.5231190
1475094283.5258418
1475094284.5257119
1475094285.5254308
1475094286.5256212
1475094287.5206459
1475094288.5199190
1475094289.5198217
1475094290.5204956
1475094291.5203002
1475094292.5207836
1475094293.5254537
1475094294.5201066
1475094295.5256101
1475094296.5253061
1475094297.5211250
1475094298.5257687
1475094299.5220060
1475094300.5200202
1475094301.5194609
1475094302.5200753
1475094303.5210428
1475094304.5253546
1475094305.5194720
1475094306.5256563
1475094307.5255542
1475094308.5207871
1475094309.5253091
1475094310.5196064
1475094311.5206520
1475094312.5253903
1475094313.5193733
1475094314.5256380
1475094315.5212409
1475094316.5195651
1475094317.5255594
1475094318.5257062
1475094319.5210466
1475094320.5251319
1475094321.5216027
1475094322.5197548
1475094323.5208850
1475094324.5200049
1475094325.5253198
1475094326.5256708
1475094327.5216265
1475094328.5194775
1475094329.5200928
1475094330.5200072
1475094331.5211344
1475094332.5198892
1475094333.5257357
1475094334.5254716
1475094335.5206776
1475094336.5195582
1475094337.5257540
1475094338.5255466
1475094339.5255315
1475094340.5195391
1475094341.5206937
1475094342.5194573
1475094343.5198087
1475094344.5203320
1475094345.5253063
1475094346.5251093
1475094347.5253603
1475094348.5194603
1475094349.5208068
1475094350.5253658
1475094351.5253302
1475094352.5199764
1475094353.5200835
1475094354.5194982
1475094355.5204222
1475094356.5196008
1475094357.5199312
1475094358.5206879
1475094359.5241403
1475094360.5196150
1475094361.5211168
1475094362.5217199
1475094363.5198288
1475094364.5198532
1475094365.5202924
1475094366.5228522
1475094367.5254621
1475094368.5254564
1475094369.5202399
1475094370.5193989
1475094371.5266990
1475094372.5221740
1475094373.5194321
1475094374.5208394
1475094375.5242956
1475094376.5259831
1475094377.5254651
1475094378.5196613
1475094379.5196092
1475094380.5253707
1475094381.5255547
1475094382.5204290
1475094383.5256362
1475094384.5200738
1475094385.5199244
1475094386.5201231
1475094387.5252411
1475094388.5200181
1475094389.5204260
1475094390.5252975
1475094391.5244467
1475094392.5212088
1475094393.5222104
1475094394.5252393
1475094395.5256994
1475094396.5214510
1475094397.5202367
1475094398.5253690
1475094399.5250809
1475094400.5212035
1475094401.5196521
1475094402.5254475
1475094403.5257512
1475094404.5254802
1475094405.5196980
1475094406.5194878
1475094407.5201067
1475094408.5203241
1475094409.5194669
1475094410.5203156
1475094411.5255854
1475094412.5211741
1475094413.5252927
1475094414.5255948
1475094415.5197997
1475094416.5253976
1475094417.5254686
1475094418.5255609
1475094419.5255142
1475094420.5248975
1475094421.5250778
1475094422.5198523
1475094423.5201815
1475094424.5200424
1475094425.5205975
1475094426.5197663
1475094427.5253980
1475094428.5207570
1475094429.5199377
1475094430.5199897
1475094431.5208070
1475094432.5201691
1475094433.5210550
1475094434.5255808
1475094435.5195617
1475094436.5253491
1475094437.5253640
1475094438.5200985
1475094439.5203220
1475094440.5197001
1475094441.5203562
1475094442.5208903
1475094443.5199875
1475094444.5252660
1475094445.5208775
1475094446.5199944
1475094447.5200792
1475094448.5213712
1475094449.5257472
1475094450.5199672
1475094451.5198251
1475094452.5195206
1475094453.5254844
1475094454.5254649
1475094455.5197990
1475094456.5201736
1475094457.5256689
1475094458.5202861
1475094459.5254430
1475094460.5195814
1475094461.5197745
1475094462.5203140
1475094463.5223568
1475094464.5204989
1475094465.5201616
1475094466.5254259
1475094467.5205635
1475094468.5196802
1475094469.5198030
1475094470.5254342
1475094471.5252915
1475094472.5197646
1475094473.5256163
1475094474.5254702
1475094475.5197257
1475094476.5203256
1475094477.5198827
1475094478.5250865
1475094479.5204277
1475094480.5196596
1475094481.5198755
1475094482.5203547
1475094483.5220922
1475094484.5197900
1475094485.5254472
1475094486.5254235
1475094487.5199277
1475094488.5194845
1475094489.5198819
1475094490.5205709
1475094491.5255611
1475094492.5213465
1475094493.5255559
1475094494.5251500
1475094495.5256100
1475094496.5256859
1475094497.5254497
1475094498.5201094
1475094499.5212805
1475094500.5197846
1475094501.5197998
1475094502.5204807
1475094503.5223726
1475094504.5199217
1475094505.5207981
1475094506.5253694
1475094507.5204639
1475094508.5207383
1475094509.5261951
1475094510.5218732
1475094511.5257280
1475094512.5206052
1475094513.5338343
1475094514.5251686
1475094515.5201386
1475094516.5255361
1475094517.5254772
1475094518.5203485
1475094519.5202410
1475094520.5254023
1475094521.5198360
1475094522.5254005
1475094523.5295252
1475094524.5255196
1475094525.5253947
1475094526.5194985
1475094527.5256482
1475094528.5253538
1475094529.5251027
1475094530.5198276
1475094531.5194327
1475094532.5194229
1475094533.5195674
1475094534.5194198
1475094535.5193615
1475094536.5196376
1475094537.5194519
1475094538.5193787
1475094539.5193415
1475094540.5194258
1475094541.5195117
1475094542.5194108
1475094543.5195179
1475094544.5195327
1475094545.5193257
1475094546.5195109
1475094547.5195251
1475094548.5193389
1475094549.5193396
1475094550.5194518
1475094551.5194694
1475094552.5193950
1475094553.5194038
1475094554.5195064
1475094555.5194330
1475094556.5194313
1475094557.5194358
1475094558.5195395
1475094559.5194238
1475094560.5194363
1475094561.5197264
1475094562.5193466
1475094563.5193783
1475094564.5193781
1475094565.5193956
1475094566.5194484
1475094567.5197686
1475094568.5194058
1475094569.5194145
1475094570.5197173
1475094571.5193476
1475094572.5194191
1475094573.5197058
1475094574.5194556
1475094575.5193404
1475094576.5197158
1475094577.5194636
1475094578.5193833
1475094579.5193777
1475094580.5194902
1475094581.5195123
1475094582.5194130
1475094583.5194282
1475094584.5194699
1475094585.5194603
1475094586.5193414
1475094587.5194529
1475094588.5195659
1475094589.5193784
1475094590.5193625
1475094591.5194791
1475094592.5195068
1475094593.5194035
1475094594.5194965
1475094595.5195356
1475094596.5193404
1475094597.5193394
1475094598.5195571
1475094599.5193438
1475094600.5193457
1475094601.5197184
1475094602.5193947
1475094603.5193659
1475094604.5193873
1475094605.5194389
1475094606.5194041
1475094607.5194089
1475094608.5195302
1475094609.5193418
1475094610.5193392
1475094611.5195290
1475094612.5194316
1475094613.5193328
1475094614.5194253
1475094615.5195518
1475094616.5193720
1475094617.5194780
1475094618.5194889
1475094619.5194165
1475094620.5194070
1475094621.5197274
1475094622.5195429
1475094623.5194397
1475094624.5194267
1475094625.5195188
1475094626.5194731
1475094627.5194522
1475094628.5193681
1475094629.5197411
1475094630.5193780
1475094631.5194032
1475094632.5198068
1475094633.5194187
1475094634.5194224
1475094635.5198018
1475094636.5195350
1475094637.5193407
1475094638.5193411
1475094639.5195379
1475094640.5193405
1475094641.5193424
1475094642.5194595
1475094643.5194497
1475094644.5193450
1475094645.5194882
1475094646.5195096
1475094647.5194395
1475094648.5193378
1475094649.5194763
1475094650.5194236
1475094651.5193428
1475094652.5197051
1475094653.5193701
1475094654.5193884
1475094655.5198215
1475094656.5193862
1475094657.5194211
1475094658.5193870
1475094659.5195168
1475094660.5193397
1475094661.5193239
1475094662.5195493
1475094663.5193283
1475094664.5194262
1475094665.5194268
1475094666.5194489
1475094667.5193451
1475094668.5193604
1475094669.5194843
1475094670.5193867
1475094671.5194022
1475094672.5195283
1475094673.5194335
1475094674.5194449
1475094675.5194738
1475094676.5194284
1475094677.5193417
1475094678.5194734
1475094679.5194439
1475094680.5193428
1475094681.5195030
1475094682.5194805
1475094683.5193811
1475094684.5198059
1475094685.5195208
1475094686.5193418
1475094687.5194285
1475094688.5193265
1475094689.5194729
1475094690.5193409
1475094691.5193378
1475094692.5197159
1475094693.5193449
1475094694.5193829
1475094695.5197724
1475094696.5194052
1475094697.5194061
1475094698.5194088
1475094699.5194559
1475094700.5194913
1475094701.5194424
1475094702.5193423
1475094703.5194692
1475094704.5193392
1475094705.5193495
1475094706.5194777
1475094707.5193260
1475094708.5193422
1475094709.5195766
1475094710.5194066
1475094711.5194140
1475094712.5193969
1475094713.5195439
1475094714.5194423
1475094715.5193388
1475094716.5194859
1475094717.5194199
1475094718.5194476
1475094719.5195389
1475094720.5195442
1475094721.5193659
1475094722.5194734
1475094723.5194444
1475094724.5193272
1475094725.5195100
1475094726.5195065
1475094727.5194564
1475094728.5195146
1475094729.5194428
1475094730.5193255
1475094731.5194333
1475094732.5194464
1475094733.5193410
1475094734.5194266
1475094735.5194977
1475094736.5194496
1475094737.5194847
1475094738.5195242
1475094739.5194702
1475094740.5194191
1475094741.5198431
1475094742.5194540
1475094743.5194333
1475094744.5194432
1475094745.5195729
1475094746.5193510
1475094747.5193762
1475094748.5194755
1475094749.5194898
1475094750.5194049
1475094751.5194966
1475094752.5195196
1475094753.5193385
1475094754.5195025
1475094755.5195177
1475094756.5193429
1475094757.5195310
1475094758.5194464
1475094759.5193639
1475094760.5193723
1475094761.5195106
1475094762.5193958
1475094763.5193921
1475094764.5197914
1475094765.5194280
1475094766.5195427
1475094767.5193400
1475094768.5195097
1475094769.5194345
1475094770.5193466
1475094771.5195435
1475094772.5194769
1475094773.5193391
1475094774.5194284
1475094775.5194974
1475094776.5194695
1475094777.5194157
1475094778.5195681
1475094779.5194416
1475094780.5193411
1475094781.5197941
1475094782.5194438
1475094783.5194418
1475094784.5193516
1475094785.5194531
1475094786.5195478
1475094787.5193422
1475094788.5193934
1475094789.5195238
1475094790.5194441
1475094791.5194130
1475094792.5194630
1475094793.5195520
1475094794.5193627
1475094795.5194314
1475094796.5194317
1475094797.5194387
1475094798.5194533
1475094799.5194761
1475094800.5194834
1475094801.5193777
1475094802.5193978
1475094803.5195361
1475094804.5194177
1475094805.5194295
1475094806.5194709
1475094807.5193413
1475094808.5194120
1475094809.5194702
1475094810.5193339
1475094811.5194526
1475094812.5197389
1475094813.5193389
1475094814.5195397
1475094815.5193884
1475094816.5193968
1475094817.5194682
1475094818.5194269
1475094819.5195384
1475094820.5193384
1475094821.5193388
1475094822.5195296
1475094823.5194750
1475094824.5193626
1475094825.5193398
1475094826.5195237
1475094827.5193912
1475094828.5193991
1475094829.5195505
1475094830.5194203
1475094831.5293094
1475094832.5193454
1475094833.5195400
1475094834.5195432
1475094835.5193459
1475094836.5194274
1475094837.5194339
1475094838.5193756
1475094839.5194635
1475094840.5194504
1475094841.5194047
1475094842.5193866
1475094843.5194147
1475094844.5194525
1475094845.5194604
1475094846.5194280
1475094847.5193229
1475094848.5197232
1475094849.5193446
1475094850.5193412
1475094851.5197391
1475094852.5193465
1475094853.5193418
1475094854.5294762
1475094855.5195178
1475094856.5193475
1475094857.5194058
1475094858.5194461
1475094859.5195204
1475094860.5194301
1475094861.5194221
1475094862.5194802
1475094863.5193508
1475094864.5193784
1475094865.5197249
1475094866.5193872
1475094867.5194409
1475094868.5197693
1475094869.5193484
1475094870.5193395
1475094871.5194653
1475094872.5194492
1475094873.5193424
1475094874.5193276
1475094875.5194617
1475094876.5194550
1475094877.5193426
1475094878.5194979
1475094879.5194488
1475094880.5193962
1475094881.5195060
1475094882.5194182
1475094883.5194093
1475094884.5195245
1475094885.5194470
1475094886.5194251
1475094887.5194112
1475094888.5194503
1475094889.5194412
1475094890.5194339
1475094891.5194744
1475094892.5193807
1475094893.5194147
1475094894.5194204
1475094895.5194549
1475094896.5194139
1475094897.5194307
1475094898.5195509
1475094899.5194487
1475094900.5193392
1475094901.5193341
1475094902.5196033
1475094903.5194534
1475094904.5193750
1475094905.5194857
1475094906.5194398
1475094907.5194032
1475094908.5195398
1475094909.5194225
1475094910.5193434
1475094911.5195765
1475094912.5193388
1475094913.5193585
1475094914.5194245
1475094915.5193373
1475094916.5193446
1475094917.5193766
1475094918.5194367
1475094919.5194043
1475094920.5193996
1475094921.5194659
1475094922.5194125
1475094923.5194329
1475094924.5194260
1475094925.5194429
1475094926.5193246
1475094927.5195320
1475094928.5194334
1475094929.5193405
1475094930.5194573
1475094931.5194684
1475094932.5193964
1475094933.5194529
1475094934.5195535
1475094935.5194190
1475094936.5194389
1475094937.5195614
1475094938.5194221
1475094939.5193412
1475094940.5194664
1475094941.5193418
1475094942.5193409
1475094943.5195860
1475094944.5193922
1475094945.5193910
1475094946.5193969
1475094947.5194555
1475094948.5194472
1475094949.5193460
1475094950.5195298
1475094951.5195276
1475094952.5193347
1475094953.5193397
1475094954.5194524
1475094955.5194573
1475094956.5193364
1475094957.5197354
1475094958.5193839
1475094959.5194011
1475094960.5193431
1475094961.5195232
1475094962.5194249
1475094963.5193390
1475094964.5195419
1475094965.5194420
1475094966.5193505
1475094967.5194454
1475094968.5194413
1475094969.5193690
1475094970.5193880
1475094971.5197524
1475094972.5194038
1475094973.5194173
1475094974.5197966
1475094975.5194186
1475094976.5194559
1475094977.5197052
1475094978.5194136
1475094979.5194620
1475094980.5193531
1475094981.5194819
1475094982.5194683
1475094983.5193703
1475094984.5195477
1475094985.5194834
1475094986.5194083
1475094987.5193425
1475094988.5195495
1475094989.5193378
1475094990.5193380
1475094991.5194656
1475094992.5194260
1475094993.5193320
1475094994.5195776
1475094995.5194636
1475094996.5193744
1475094997.5197570
1475094998.5194025
1475094999.5194050
1475095000.5197894
1475095001.5193294
1475095002.5194351
1475095003.5193425
1475095004.5194530
1475095005.5194551
1475095006.5193438
1475095007.5194746
1475095008.5193409
1475095009.5193786
1475095010.5194558
1475095011.5194563
1475095012.5193853
1475095013.5195190
1475095014.5194424
1475095015.5193395
1475095016.5194494
1475095017.5194292
1475095018.5193409
1475095019.5194570
1475095020.5194436
1475095021.5194371
1475095022.5194571
1475095023.5193395
1475095024.5195284
1475095025.5194116
1475095026.5194127
1475095027.5195169
1475095028.5195276
1475095029.5194347
1475095030.5194250
1475095031.5194547
1475095032.5193263
1475095033.5193516
1475095034.5197406
1475095035.5193988
1475095036.5193787
1475095037.5194419
1475095038.5195016
1475095039.5194177
1475095040.5194720
1475095041.5194404
1475095042.5194552
1475095043.5193433
1475095044.5194388
1475095045.5195856
1475095046.5193526
1475095047.5193283
1475095048.5194768
1475095049.5194384
1475095050.5193935
1475095051.5194596
1475095052.5195155
1475095053.5193960
1475095054.5194650
1475095055.5195270
1475095056.5194499
1475095057.5194146
1475095058.5195261
1475095059.5194526
1475095060.5193379
1475095061.5193671
1475095062.5194985
1475095063.5193915
1475095064.5194060
1475095065.5197879
1475095066.5194039
1475095067.5193403
1475095068.5197968
1475095069.5194205
1475095070.5193425
1475095071.5197352
1475095072.5193406
1475095073.5193379
1475095074.5197515
1475095075.5193675
1475095076.5194483
1475095077.5197640
1475095078.5194173
1475095079.5194198
1475095080.5193388
1475095081.5195450
1475095082.5193368
1475095083.5193681
1475095084.5195538
1475095085.5193534
1475095086.5193282
1475095087.5194813
1475095088.5193746
1475095089.5193914
1475095090.5195113
1475095091.5195096
1475095092.5193946
1475095093.5194876
1475095094.5195385
1475095095.5194332
1475095096.5193404
1475095097.5193205
1475095098.5194426
1475095099.5194486
1475095100.5193385
1475095101.5194616
1475095102.5195001
1475095103.5193397
1475095104.5194138
1475095105.5195415
1475095106.5194323
1475095107.5194374
1475095108.5197885
1475095109.5193452
1475095110.5193637
1475095111.5197244
1475095112.5193503
1475095113.5193433
1475095114.5193255
1475095115.5194897
1475095116.5198642
1475095117.5193243
1475095118.5193965
1475095119.5195232
1475095120.5193406
1475095121.5195232
1475095122.5194239
1475095123.5198438
1475095124.5193290
1475095125.5193442
1475095126.5197041
1475095127.5195532
1475095128.5193413
1475095129.5194576
1475095130.5195623
1475095131.5193512
1475095132.5354476
1475095133.5253484
1475095134.5255720
1475095135.5206569
1475095136.5253942
1475095137.5199711
1475095138.5255072
1475095139.5213046
1475095140.5197090
1475095141.5202064
1475095142.5194793
1475095143.5203864
1475095144.5251522
1475095145.5256357
1475095146.5204526
1475095147.5197220
1475095148.5199455
1475095149.5206970
1475095150.5254392
1475095151.5197428
1475095152.5257735
1475095153.5199950
1475095154.5202139
1475095155.5253607
1475095156.5202284
1475095157.5255569
1475095158.5252107
1475095159.5200163
1475095160.5256931
1475095161.5256025
1475095162.5194847
1475095163.5250270
1475095164.5256113
1475095165.5194414
1475095166.5254051
1475095167.5256115
1475095168.5201437
1475095169.5265634
1475095170.5253927
1475095171.5194202
1475095172.5255896
1475095173.5253259
1475095174.5195410
1475095175.5199765
1475095176.5198942
1475095177.5197250
1475095178.5204953
1475095179.5253481
1475095180.5222533
1475095181.5252443
1475095182.5195074
1475095183.5200195
1475095184.5253291
1475095185.5197547
1475095186.5258516
1475095187.5256100
1475095188.5224524
1475095189.5216947
1475095190.5245579
1475095191.5199951
1475095192.5207615
1475095193.5254219
1475095194.5256959
1475095195.5254711
1475095196.5216794
1475095197.5255960
1475095198.5197828
1475095199.5198022
1475095200.5206602
1475095201.5257122
1475095202.5199457
1475095203.5199579
1475095204.5196321
1475095205.5199030
1475095206.5200599
1475095207.5194340
1475095208.5249437
1475095209.5256875
1475095210.5212502
1475095211.5214571
1475095212.5238188
1475095213.5256910
1475095214.5254609
1475095215.5202746
1475095216.5196124
1475095217.5256759
1475095218.5197842
1475095219.5206262
1475095220.5208294
1475095221.5200792
1475095222.5201412
1475095223.5205291
1475095224.5201694
1475095225.5200461
1475095226.5206643
1475095227.5253017
1475095228.5256375
1475095229.5254965
1475095230.5221442
1475095231.5249747
1475095232.5258367
1475095233.5254481
1475095234.5200887
1475095235.5251945
1475095236.5254999
1475095237.5253977
1475095238.5247914
1475095239.5251409
1475095240.5204793
1475095241.5198119
1475095242.5200968
1475095243.5197827
1475095244.5196641
1475095245.5198957
1475095246.5194517
1475095247.5253119
1475095248.5193971
1475095249.5196383
1475095250.5209275
1475095251.5257024
1475095252.5198768
1475095253.5199997
1475095254.5195152
1475095255.5199215
1475095256.5207008
1475095257.5253923
1475095258.5193554
1475095259.5200138
1475095260.5208307
1475095261.5226802
1475095262.5198588
1475095263.5198957
1475095264.5197131
1475095265.5203246
1475095266.5256090
1475095267.5208096
1475095268.5252941
1475095269.5254379
1475095270.5196040
1475095271.5217102
1475095272.5193535
1475095273.5254354
1475095274.5205490
1475095275.5196693
1475095276.5200178
1475095277.5257148
1475095278.5255286
1475095279.5200548
1475095280.5253870
1475095281.5207056
1475095282.5208710
1475095283.5254463
1475095284.5208500
1475095285.5199229
1475095286.5209045
1475095287.5202538
1475095288.5253291
1475095289.5261022
1475095290.5250907
1475095291.5209027
1475095292.5240956
1475095293.5197784
1475095294.5213041
1475095295.5195139
1475095296.5197803
1475095297.5212349
1475095298.5195119
1475095299.5200058
1475095300.5256575
1475095301.5219787
1475095302.5197514
1475095303.5201781
1475095304.5255997
1475095305.5202957
1475095306.5252984
1475095307.5199240
1475095308.5205104
1475095309.5196646
1475095310.5228297
1475095311.5257495
1475095312.5256868
1475095313.5200350
1475095314.5252798
1475095315.5257747
1475095316.5201035
1475095317.5253595
1475095318.5194695
1475095319.5252465
1475095320.5208940
1475095321.5219729
1475095322.5255885
1475095323.5211226
1475095324.5207319
1475095325.5255039
1475095326.5256603
1475095327.5256144
1475095328.5197472
1475095329.5197145
1475095330.5252303
1475095331.5255874
1475095332.5207427
1475095333.5252290
1475095334.5256641
1475095335.5202954
1475095336.5254036
1475095337.5194763
1475095338.5200781
1475095339.5254499
1475095340.5196714
1475095341.5219067
1475095342.5197106
1475095343.5200065
1475095344.5204866
1475095345.5252393
1475095346.5201604
1475095347.5204828
1475095348.5194634
1475095349.5195983
1475095350.5205959
1475095351.5215103
1475095352.5198698
1475095353.5253923
1475095354.5255520
1475095355.5198130
1475095356.5201241
1475095357.5201995
1475095358.5254814
1475095359.5254409
1475095360.5255811
1475095361.5267030
1475095362.5254255
1475095363.5253035
1475095364.5255500
1475095365.5201104
1475095366.5196835
1475095367.5204890
1475095368.5252486
1475095369.5254161
1475095370.5194422
1475095371.5196596
1475095372.5202872
1475095373.5206519
1475095374.5253946
1475095375.5252431
1475095376.5218698
1475095377.5244620
1475095378.5252370
1475095379.5252596
1475095380.5221198
1475095381.5250060
1475095382.5209102
1475095383.5195238
1475095384.5204262
1475095385.5194835
1475095386.5196673
1475095387.5202273
1475095388.5201584
1475095389.5200200
1475095390.5205977
1475095391.5201163
1475095392.5214810
1475095393.5253628
1475095394.5251648
1475095395.5255899
1475095396.5207179
1475095397.5196554
1475095398.5204510
1475095399.5211306
1475095400.5200284
1475095401.5254394
1475095402.5217092
1475095403.5201021
1475095404.5194550
1475095405.5194566
1475095406.5252548
1475095407.5254776
1475095408.5198300
1475095409.5204497
1475095410.5199925
1475095411.5201103
1475095412.5219744
1475095413.5203155
1475095414.5228069
1475095415.5254000
1475095416.5252631
1475095417.5203876
1475095418.5194547
1475095419.5199142
1475095420.5205944
1475095421.5253086
1475095422.5234183
1475095423.5294485
1475095424.5247105
1475095425.5197772
1475095426.5249516
1475095427.5251770
1475095428.5253452
1475095429.5257543
1475095430.5208824
1475095431.5201692
1475095432.5201347
1475095433.5196952
1475095434.5193888
1475095435.5193682
1475095436.5193399
1475095437.5195427
1475095438.5195072
1475095439.5193420
1475095440.5193890
1475095441.5195309
1475095442.5193980
1475095443.5194062
1475095444.5195569
1475095445.5194314
1475095446.5195223
1475095447.5198230
1475095448.5193667
1475095449.5193410
1475095450.5197082
1475095451.5193407
1475095452.5194265
1475095453.5197286
1475095454.5193512
1475095455.5193409
1475095456.5194563
1475095457.5194490
1475095458.5193680
1475095459.5193272
1475095460.5193875
1475095461.5195291
1475095462.5193886
1475095463.5193993
1475095464.5195431
1475095465.5194161
1475095466.5194227
1475095467.5195359
1475095468.5194339
1475095469.5193498
1475095470.5193240
1475095471.5194543
1475095472.5193372
1475095473.5193480
1475095474.5195483
1475095475.5194493
1475095476.5194357
1475095477.5194559
1475095478.5193630
1475095479.5193390
1475095480.5194926
1475095481.5193893
1475095482.5193369
1475095483.5194832
1475095484.5195013
1475095485.5193837
1475095486.5194206
1475095487.5195486
1475095488.5193391
1475095489.5194220
1475095490.5194548
1475095491.5194484
1475095492.5194247
1475095493.5193409
1475095494.5194533
1475095495.5194646
1475095496.5194482
1475095497.5194293
1475095498.5194489
1475095499.5193640
1475095500.5194246
1475095501.5195307
1475095502.5194499
1475095503.5194099
1475095504.5195488
1475095505.5194114
1475095506.5193396
1475095507.5197814
1475095508.5193269
1475095509.5194546
1475095510.5198250
1475095511.5193444
1475095512.5194598
1475095513.5197907
1475095514.5193462
1475095515.5193396
1475095516.5193369
1475095517.5195478
1475095518.5193740
1475095519.5193659
1475095520.5194866
1475095521.5194338
1475095522.5193909
1475095523.5194355
1475095524.5197570
1475095525.5194152
1475095526.5194225
1475095527.5197685
1475095528.5194333
1475095529.5194422
1475095530.5197069
1475095531.5195563
1475095532.5193310
1475095533.5194301
1475095534.5195366
1475095535.5194501
1475095536.5193328
1475095537.5194296
1475095538.5194451
1475095539.5193477
1475095540.5195392
1475095541.5194867
1475095542.5193796
1475095543.5194336
1475095544.5194861
1475095545.5194047
1475095546.5193429
1475095547.5194675
1475095548.5194056
1475095549.5194454
1475095550.5197217
1475095551.5194312
1475095552.5193381
1475095553.5197109
1475095554.5193453
1475095555.5193447
1475095556.5197218
1475095557.5193683
1475095558.5194515
1475095559.5194531
1475095560.5194618
1475095561.5194026
1475095562.5193824
1475095563.5194812
1475095564.5195175
1475095565.5194023
1475095566.5194169
1475095567.5197928
1475095568.5193511
1475095569.5193349
1475095570.5197804
1475095571.5193322
1475095572.5193480
1475095573.5197290
1475095574.5194218
1475095575.5194326
1475095576.5197218
1475095577.5194493
1475095578.5194551
1475095579.5193441
1475095580.5194498
1475095581.5195869
1475095582.5193858
1475095583.5194851
1475095584.5194019
1475095585.5193387
1475095586.5195305
1475095587.5194164
1475095588.5194018
1475095589.5194329
1475095590.5197104
1475095591.5194906
1475095592.5193292
1475095593.5193389
1475095594.5195734
1475095595.5193488
1475095596.5194637
1475095597.5195707
1475095598.5193617
1475095599.5194522
1475095600.5194608
1475095601.5194480
1475095602.5194352
1475095603.5193924
1475095604.5197545
1475095605.5193998
1475095606.5194190
1475095607.5198060
1475095608.5194340
1475095609.5194567
1475095610.5197867
1475095611.5194374
1475095612.5194268
1475095613.5197267
1475095614.5193492
1475095615.5194239
1475095616.5193418
1475095617.5194803
1475095618.5193384
1475095619.5193396
1475095620.5194999
1475095621.5193951
1475095622.5194513
1475095623.5194964
1475095624.5195586
1475095625.5194221
1475095626.5195162
1475095627.5195383
1475095628.5193400
1475095629.5194088
1475095630.5194342
1475095631.5194155
1475095632.5195153
1475095633.5194357
1475095634.5194602
1475095635.5195407
1475095636.5194775
1475095637.5193568
1475095638.5193430
1475095639.5194596
1475095640.5194560
1475095641.5193410
1475095642.5195395
1475095643.5194558
1475095644.5194315
1475095645.5195561
1475095646.5194346
1475095647.5194504
1475095648.5197065
1475095649.5194671
1475095650.5193393
1475095651.5194340
1475095652.5194482
1475095653.5193510
1475095654.5193576
1475095655.5194520
1475095656.5194783
1475095657.5193668
1475095658.5194732
1475095659.5194956
1475095660.5193833
1475095661.5194968
1475095662.5195555
1475095663.5193372
1475095664.5195128
1475095665.5195439
1475095666.5194207
1475095667.5193402
1475095668.5193358
1475095669.5195581
1475095670.5194441
1475095671.5193202
1475095672.5194384
1475095673.5194431
1475095674.5194837
1475095675.5193681
1475095676.5195176
1475095677.5193966
1475095678.5193398
1475095679.5194072
1475095680.5194965
1475095681.5194460
1475095682.5193415
1475095683.5193390
1475095684.5195703
1475095685.5194154
1475095686.5194282
1475095687.5194599
1475095688.5193365
1475095689.5194516
1475095690.5194561
1475095691.5194775
1475095692.5193581
1475095693.5193777
1475095694.5195110
1475095695.5193965
1475095696.5193407
1475095697.5195156
1475095698.5194054
1475095699.5194199
1475095700.5195440
1475095701.5193416
1475095702.5194163
1475095703.5194288
1475095704.5195591
1475095705.5194403
1475095706.5193515
1475095707.5194919
1475095708.5194526
1475095709.5193788
1475095710.5195064
1475095711.5193868
1475095712.5193852
1475095713.5194215
1475095714.5195280
1475095715.5194546
1475095716.5193393
1475095717.5195173
1475095718.5195330
1475095719.5194429
1475095720.5193318
1475095721.5194542
1475095722.5193381
1475095723.5193811
1475095724.5194807
1475095725.5193442
1475095726.5194500
1475095727.5194007
1475095728.5194041
1475095729.5193895
1475095730.5194013
1475095731.5194148
1475095732.5197108
1475095733.5193456
1475095734.5194116
1475095735.5194681
1475095736.5195302
1475095737.5194489
1475095738.5194186
1475095739.5194123
1475095740.5195505
1475095741.5193460
1475095742.5193689
1475095743.5193247
1475095744.5193620
1475095745.5193865
1475095746.5193824
1475095747.5195245
1475095748.5193910
1475095749.5193348
1475095750.5195206
1475095751.5194083
1475095752.5194129
1475095753.5194370
1475095754.5197833
1475095755.5194648
1475095756.5194242
1475095757.5194320
1475095758.5194586
1475095759.5194348
1475095760.5193436
1475095761.5195628
1475095762.5193704
1475095763.5194477
1475095764.5194291
1475095765.5195012
1475095766.5193945
1475095767.5194892
1475095768.5195129
1475095769.5194289
1475095770.5195101
1475095771.5194422
1475095772.5194370
1475095773.5194260
1475095774.5195260
1475095775.5194749
1475095776.5194276
1475095777.5194514
1475095778.5193468
1475095779.5194469
1475095780.5195904
1475095781.5194532
1475095782.5194710
1475095783.5194538
1475095784.5194039
1475095785.5194051
1475095786.5195567
1475095787.5194272
1475095788.5194323
1475095789.5195827
1475095790.5194323
1475095791.5193472
1475095792.5197219
1475095793.5194873
1475095794.5193564
1475095795.5193255
1475095796.5194587
1475095797.5193718
1475095798.5193629
1475095799.5194276
1475095800.5195681
1475095801.5193787
1475095802.5194896
1475095803.5194431
1475095804.5194363
1475095805.5194206
1475095806.5193397
1475095807.5194267
1475095808.5194261
1475095809.5197152
1475095810.5194472
1475095811.5193398
1475095812.5197201
1475095813.5193462
1475095814.5193611
1475095815.5197440
1475095816.5193455
1475095817.5193987
1475095818.5197377
1475095819.5194069
1475095820.5194164
1475095821.5197645
1475095822.5194406
1475095823.5193368
1475095824.5197229
1475095825.5193863
1475095826.5193399
1475095827.5194313
1475095828.5194304
1475095829.5193494
1475095830.5194594
1475095831.5193742
1475095832.5194865
1475095833.5193788
1475095834.5193904
1475095835.5195367
1475095836.5194112
1475095837.5193432
1475095838.5197883
1475095839.5193325
1475095840.5194389
1475095841.5198466
1475095842.5195277
1475095843.5193401
1475095844.5193453
1475095845.5195359
1475095846.5194713
1475095847.5193551
1475095848.5193359
1475095849.5194486
1475095850.5195144
1475095851.5194015
1475095852.5193790
1475095853.5194932
1475095854.5195893
1475095855.5194367
1475095856.5193429
1475095857.5196024
1475095858.5193430
1475095859.5193400
1475095860.5193421
1475095861.5194504
1475095862.5193485
1475095863.5193390
1475095864.5193597
1475095865.5196000
1475095866.5193707
1475095867.5193943
1475095868.5195112
1475095869.5194004
1475095870.5194114
1475095871.5197206
1475095872.5194301
1475095873.5194187
1475095874.5197058
1475095875.5195610
1475095876.5193756
1475095877.5193231
1475095878.5194376
1475095879.5194366
1475095880.5194401
1475095881.5195410
1475095882.5195397
1475095883.5193759
1475095884.5194824
1475095885.5195831
1475095886.5193422
1475095887.5194954
1475095888.5195202
1475095889.5194246
1475095890.5194384
1475095891.5194419
1475095892.5195330
1475095893.5194464
1475095894.5193463
1475095895.5194310
1475095896.5194407
1475095897.5193479
1475095898.5194503
1475095899.5194829
1475095900.5194533
1475095901.5194785
1475095902.5194748
1475095903.5193378
1475095904.5194097
1475095905.5195589
1475095906.5193339
1475095907.5194577
1475095908.5195326
1475095909.5193313
1475095910.5194659
1475095911.5195621
1475095912.5193250
1475095913.5193397
1475095914.5194696
1475095915.5195595
1475095916.5194107
1475095917.5193737
1475095918.5195044
1475095919.5194590
1475095920.5193430
1475095921.5194542
1475095922.5194334
1475095923.5194369
1475095924.5195517
1475095925.5194553
1475095926.5194272
1475095927.5195221
1475095928.5195003
1475095929.5194598
1475095930.5193734
1475095931.5194849
1475095932.5193829
1475095933.5193393
1475095934.5194585
1475095935.5195079
1475095936.5193411
1475095937.5194144
1475095938.5195647
1475095939.5194588
1475095940.5193244
1475095941.5195514
1475095942.5194144
1475095943.5194096
1475095944.5194362
1475095945.5194555
1475095946.5194470
1475095947.5194683
1475095948.5193722
1475095949.5193947
1475095950.5194819
1475095951.5193961
1475095952.5194044
1475095953.5194564
1475095954.5195514
1475095955.5193318
1475095956.5194580
1475095957.5193447
1475095958.5194545
1475095959.5194349
1475095960.5193591
1475095961.5194374
1475095962.5194436
1475095963.5193640
1475095964.5194662
1475095965.5194864
1475095966.5193914
1475095967.5194679
1475095968.5194769
1475095969.5193459
1475095970.5194151
1475095971.5194565
1475095972.5194442
1475095973.5193397
1475095974.5194299
1475095975.5195506
1475095976.5193403
1475095977.5193459
1475095978.5195609
1475095979.5193455
1475095980.5194505
1475095981.5194513
1475095982.5193822
1475095983.5193933
1475095984.5195672
1475095985.5194063
1475095986.5194168
1475095987.5195383
1475095988.5194429
1475095989.5194474
1475095990.5195171
1475095991.5194248
1475095992.5194322
1475095993.5194422
1475095994.5193363
1475095995.5193443
1475095996.5194521
1475095997.5194424
1475095998.5193390
1475095999.5194907
1475096000.5195073
1475096001.5194338
1475096002.5194102
1475096003.5194420
1475096004.5195564
1475096005.5193462
1475096006.5193397
1475096007.5194545
1475096008.5194373
1475096009.5194473
1475096010.5194262
1475096011.5195843
1475096012.5193704
1475096013.5193712
1475096014.5195837
1475096015.5193422
1475096016.5193985
1475096017.5195310
1475096018.5194082
1475096019.5194612
1475096020.5194623
1475096021.5193412
1475096022.5193371
1475096023.5195004
1475096024.5193435
1475096025.5193294
1475096026.5194711
1475096027.5193433
1475096028.5193706
1475096029.5195785
1475096030.5194661
1475096031.5194144
1475096032.5194164
1475096033.5194310
1475096034.5194423
1475096035.5195446
1475096036.5193709
1475096037.5193417
1475096038.5195528
1475096039.5194485
1475096040.5193409
1475096041.5194289
1475096042.5194585
1475096043.5193288
1475096044.5195388
1475096045.5194463
1475096046.5193387
1475096047.5193950
1475096048.5197909
1475096049.5194187
1475096050.5194141
1475096051.5197947
1475096052.5194488
1475096053.5194452
1475096054.5194309
1475096055.5194279
1475096056.5194380
1475096057.5194351
1475096058.5195499
1475096059.5194372
1475096060.5193426
1475096061.5194576
1475096062.5194769
1475096063.5193748
1475096064.5194071
1475096065.5198496
1475096066.5195199
1475096067.5194400
1475096068.5194230
1475096069.5195583
1475096070.5194653
1475096071.5193229
1475096072.5194514
1475096073.5193511
1475096074.5193707
1475096075.5194661
1475096076.5194784
1475096077.5193665
1475096078.5194659
1475096079.5195284
1475096080.5194065
1475096081.5194074
1475096082.5197788
1475096083.5194248
1475096084.5194431
1475096085.5193203
1475096086.5194330
1475096087.5193389
1475096088.5193390
1475096089.5195828
1475096090.5193452
1475096091.5193659
1475096092.5194649
1475096093.5195049
1475096094.5193943
1475096095.5194073
1475096096.5195179
1475096097.5193916
1475096098.5193363
1475096099.5195639
1475096100.5193294
1475096101.5193268
1475096102.5194666
1475096103.5193364
1475096104.5194524
1475096105.5198269
1475096106.5194470
1475096107.5193507
1475096108.5193705
1475096109.5195687
1475096110.5193376
1475096111.5194474
1475096112.5194690
1475096113.5195105
1475096114.5194124
1475096115.5193392
1475096116.5195768
1475096117.5194147
1475096118.5194294
1475096119.5195844
1475096120.5194401
1475096121.5194430
1475096122.5195154
1475096123.5193696
1475096124.5193635
1475096125.5193940
1475096126.5194907
1475096127.5193959
1475096128.5194034
1475096129.5195257
1475096130.5194238
1475096131.5193396
1475096132.5195336
1475096133.5194492
1475096134.5193496
1475096135.5195254
1475096136.5194346
1475096137.5194540
1475096138.5194492
1475096139.5195049
1475096140.5193728
1475096141.5193861
1475096142.5195242
1475096143.5193954
1475096144.5194184
1475096145.5194670
1475096146.5194343
1475096147.5193378
1475096148.5194234
1475096149.5195669
1475096150.5193449
1475096151.5193437
1475096152.5194402
1475096153.5194777
1475096154.5194578
1475096155.5193834
1475096156.5195069
1475096157.5194529
1475096158.5193947
1475096159.5195290
1475096160.5193963
1475096161.5194253
1475096162.5198087
1475096163.5193287
1475096164.5194333
1475096165.5194271
1475096166.5193518
1475096167.5194421
1475096168.5197042
1475096169.5194566
1475096170.5193678
1475096171.5197071
1475096172.5193909
1475096173.5193933
1475096174.5193971
1475096175.5193426
1475096176.5194141
1475096177.5197223
1475096178.5194353
1475096179.5193776
1475096180.5193413
1475096181.5194499
1475096182.5194357
1475096183.5193523
1475096184.5194632
1475096185.5195056
1475096186.5193777
1475096187.5193808
1475096188.5195176
1475096189.5194101
1475096190.5194543
1475096191.5194715
1475096192.5194281
1475096193.5193406
1475096194.5194624
1475096195.5194491
1475096196.5193386
1475096197.5194183
1475096198.5194436
1475096199.5193424
1475096200.5193450
1475096201.5195569
1475096202.5193988
1475096203.5193368
1475096204.5195127
1475096205.5194447
1475096206.5193422
1475096207.5194984
1475096208.5195296
1475096209.5193651
1475096210.5195125
1475096211.5195306
1475096212.5193242
1475096213.5194182
1475096214.5198700
1475096215.5193368
1475096216.5194544
1475096217.5194764
1475096218.5193818
1475096219.5193935
1475096220.5197739
1475096221.5193453
1475096222.5194539
1475096223.5197053
1475096224.5194630
1475096225.5193396
1475096226.5195356
1475096227.5194103
1475096228.5193498
1475096229.5195795
1475096230.5194566
1475096231.5193674
1475096232.5197371
1475096233.5193831
1475096234.5194020
1475096235.5193988
1475096236.5194857
1475096237.5195469
1475096238.5194246
1475096239.5195350
1475096240.5194754
1475096241.5194569
1475096242.5193434
1475096243.5194559
1475096244.5193551
1475096245.5194501
1475096246.5194727
1475096247.5193712
1475096248.5193597
1475096249.5194862
1475096250.5193820
1475096251.5193411
1475096252.5195349
1475096253.5193924
1475096254.5194450
1475096255.5194772
1475096256.5194472
1475096257.5197602
1475096258.5194543
1475096259.5194416
1475096260.5194514
1475096261.5194644
1475096262.5193640
1475096263.5193414
1475096264.5194609
1475096265.5194062
1475096266.5193410
1475096267.5197349
1475096268.5194161
1475096269.5194485
1475096270.5198249
1475096271.5193496
1475096272.5193979
1475096273.5198421
1475096274.5194547
1475096275.5193542
1475096276.5198202
1475096277.5193380
1475096278.5193763
1475096279.5193433
1475096280.5194916
1475096281.5194010
1475096282.5194082
1475096283.5194261
1475096284.5194312
1475096285.5193482
1475096286.5194244
1475096287.5195322
1475096288.5193412
1475096289.5194431
1475096290.5194673
1475096291.5194572
1475096292.5194534
1475096293.5195014
1475096294.5193460
1475096295.5193375
1475096296.5194696
1475096297.5194047
1475096298.5194086
1475096299.5195472
1475096300.5194416
1475096301.5193392
1475096302.5193226
1475096303.5195362
1475096304.5193415
1475096305.5194569
1475096306.5194733
1475096307.5193442
1475096308.5193779
1475096309.5195034
1475096310.5193851
1475096311.5194566
1475096312.5195141
1475096313.5193395
1475096314.5193234
1475096315.5195307
1475096316.5194720
1475096317.5193402
1475096318.5194442
1475096319.5194413
1475096320.5193428
1475096321.5194509
1475096322.5193424
1475096323.5193494
1475096324.5194712
1475096325.5193783
1475096326.5193889
1475096327.5194251
1475096328.5195084
1475096329.5194312
1475096330.5195132
1475096331.5195214
1475096332.5193408
1475096333.5195067
1475096334.5195911
1475096335.5355525
1475096336.5252643
1475096337.5258525
1475096338.5218405
1475096339.5198737
1475096340.5204761
1475096341.5213708
1475096342.5204356
1475096343.5206305
1475096344.5253245
1475096345.5202726
1475096346.5254434
1475096347.5194947
1475096348.5203449
1475096349.5203917
1475096350.5194587
1475096351.5211310
1475096352.5201744
1475096353.5235940
1475096354.5255118
1475096355.5255485
1475096356.5198662
1475096357.5199410
1475096358.5196625
1475096359.5196344
1475096360.5200781
1475096361.5212319
1475096362.5204289
1475096363.5207775
1475096364.5257398
1475096365.5217957
1475096366.5198233
1475096367.5200033
1475096368.5256914
1475096369.5256484
1475096370.5253851
1475096371.5270472
1475096372.5256706
1475096373.5245883
1475096374.5253527
1475096375.5254162
1475096376.5197208
1475096377.5206247
1475096378.5252527
1475096379.5195967
1475096380.5207308
1475096381.5253382
1475096382.5207529
1475096383.5207539
1475096384.5255433
1475096385.5195735
1475096386.5204607
1475096387.5194378
1475096388.5199621
1475096389.5204000
1475096390.5195602
1475096391.5206158
1475096392.5221325
1475096393.5254522
1475096394.5199212
1475096395.5211261
1475096396.5254457
1475096397.5253424
1475096398.5250148
1475096399.5195742
1475096400.5255167
1475096401.5252715
1475096402.5225442
1475096403.5255628
1475096404.5208075
1475096405.5198129
1475096406.5204639
1475096407.5212025
1475096408.5200418
1475096409.5193512
1475096410.5254524
1475096411.5200958
1475096412.5206915
1475096413.5254472
1475096414.5202337
1475096415.5207445
1475096416.5254456
1475096417.5198623
1475096418.5257189
1475096419.5198322
1475096420.5208133
1475096421.5253293
1475096422.5218516
1475096423.5198683
1475096424.5196507
1475096425.5204996
1475096426.5257295
1475096427.5254609
1475096428.5199529
1475096429.5206957
1475096430.5255831
1475096431.5198597
1475096432.5208536
1475096433.5194676
1475096434.5200811
1475096435.5196461
1475096436.5194827
1475096437.5257739
1475096438.5254786
1475096439.5199433
1475096440.5204880
1475096441.5194313
1475096442.5222148
1475096443.5201343
1475096444.5253465
1475096445.5201183
1475096446.5255633
1475096447.5195106
1475096448.5201859
1475096449.5244020
1475096450.5197897
1475096451.5250960
1475096452.5219494
1475096453.5256214
1475096454.5208138
1475096455.5252522
1475096456.5206199
1475096457.5206591
1475096458.5194284
1475096459.5254594
1475096460.5194440
1475096461.5210754
1475096462.5269377
1475096463.5217736
1475096464.5257504
1475096465.5202195
1475096466.5254806
1475096467.5252160
1475096468.5251158
1475096469.5200407
1475096470.5197675
1475096471.5196432
1475096472.5268234
1475096473.5215956
1475096474.5202310
1475096475.5252826
1475096476.5200342
1475096477.5253956
1475096478.5207835
1475096479.5193547
1475096480.5198308
1475096481.5193581
1475096482.5197946
1475096483.5212409
1475096484.5256278
1475096485.5218721
1475096486.5251946
1475096487.5213379
1475096488.5199949
1475096489.5202673
1475096490.5211746
1475096491.5237672
1475096492.5198797
1475096493.5212350
1475096494.5194619
1475096495.5201393
1475096496.5254764
1475096497.5195179
1475096498.5254784
1475096499.5251057
1475096500.5199926
1475096501.5193558
1475096502.5252641
1475096503.5234193
1475096504.5200540
1475096505.5253389
1475096506.5196398
1475096507.5256028
1475096508.5253478
1475096509.5202116
1475096510.5253338
1475096511.5194545
1475096512.5200821
1475096513.5213906
1475096514.5197467
1475096515.5255204
1475096516.5252924
1475096517.5253693
1475096518.5257911
1475096519.5198620
1475096520.5202536
1475096521.5204478
1475096522.5200504
1475096523.5196396
1475096524.5223604
1475096525.5255980
1475096526.5257666
1475096527.5254959
1475096528.5253681
1475096529.5199922
1475096530.5256142
1475096531.5197918
1475096532.5251349
1475096533.5194530
1475096534.5257615
1475096535.5208227
1475096536.5253107
1475096537.5252312
1475096538.5256584
1475096539.5210762
1475096540.5193614
1475096541.5198778
1475096542.5255235
1475096543.5230673
1475096544.5252743
1475096545.5257771
1475096546.5255822
1475096547.5210994
1475096548.5194541
1475096549.5210530
1475096550.5202087
1475096551.5251508
1475096552.5204960
1475096553.5206817
1475096554.5199754
1475096555.5201482
1475096556.5252651
1475096557.5256096
1475096558.5254610
1475096559.5253058
1475096560.5201153
1475096561.5208062
1475096562.5198590
1475096563.5199765
1475096564.5214350
1475096565.5197822
1475096566.5196222
1475096567.5204392
1475096568.5195858
1475096569.5210362
1475096570.5254110
1475096571.5195681
1475096572.5257079
1475096573.5268718
1475096574.5253664
1475096575.5203664
1475096576.5256460
1475096577.5198188
1475096578.5203795
1475096579.5196646
1475096580.5254177
1475096581.5205502
1475096582.5196649
1475096583.5197936
1475096584.5221657
1475096585.5255630
1475096586.5200354
1475096587.5199502
1475096588.5256134
1475096589.5221646
1475096590.5205263
1475096591.5199436
1475096592.5198032
1475096593.5207236
1475096594.5225140
1475096595.5256328
1475096596.5199378
1475096597.5197009
1475096598.5253684
1475096599.5258640
1475096600.5255582
1475096601.5206568
1475096602.5194055
1475096603.5251924
1475096604.5209647
1475096605.5194263
1475096606.5196140
1475096607.5202817
1475096608.5201152
1475096609.5199319
1475096610.5194714
1475096611.5200479
1475096612.5254546
1475096613.5196014
1475096614.5224956
1475096615.5255468
1475096616.5198255
1475096617.5253528
1475096618.5257437
1475096619.5202687
1475096620.5254677
1475096621.5252124
1475096622.5194493
1475096623.5293277
1475096624.5249559
1475096625.5197200
1475096626.5257687
1475096627.5255188
1475096628.5236843
1475096629.5203421
1475096630.5198014
1475096631.5198105
1475096632.5253592
1475096633.5203628
1475096634.5208350
1475096635.5253485
1475096636.5296222
1475096637.5193454
1475096638.5194719
1475096639.5194080
1475096640.5193974
1475096641.5194043
1475096642.5196168
1475096643.5194554
1475096644.5194525
1475096645.5195276
1475096646.5195087
1475096647.5193414
1475096648.5194444
1475096649.5194355
1475096650.5194578
1475096651.5193636
1475096652.5193780
1475096653.5194892
1475096654.5194667
1475096655.5193985
1475096656.5195273
1475096657.5194534
1475096658.5194217
1475096659.5195737
1475096660.5193353
1475096661.5193390
1475096662.5195119
1475096663.5195327
1475096664.5194588
1475096665.5194516
1475096666.5195019
1475096667.5193822
1475096668.5193787
1475096669.5195476
1475096670.5194065
1475096671.5194112
1475096672.5195452
1475096673.5194146
1475096674.5194377
1475096675.5194700
1475096676.5194329
1475096677.5193326
1475096678.5195727
1475096679.5193371
1475096680.5193379
1475096681.5194904
1475096682.5193774
1475096683.5193881
1475096684.5194664
1475096685.5194045
1475096686.5194127
1475096687.5194665
1475096688.5194344
1475096689.5194616
1475096690.5197013
1475096691.5194492
1475096692.5194213
1475096693.5193524
1475096694.5194547
1475096695.5193435
1475096696.5193726
1475096697.5194766
1475096698.5195043
1475096699.5193981
1475096700.5194204
1475096701.5194682
1475096702.5194083
1475096703.5194357
1475096704.5195466
1475096705.5193422
1475096706.5194355
1475096707.5194721
1475096708.5193264
1475096709.5193766
1475096710.5193700
1475096711.5194491
1475096712.5193807
1475096713.5195230
1475096714.5194920
1475096715.5195367
1475096716.5194052
1475096717.5193434
1475096718.5198207
1475096719.5194187
1475096720.5193425
1475096721.5197241
1475096722.5193498
1475096723.5193385
1475096724.5197305
1475096725.5193739
1475096726.5193827
1475096727.5193728
1475096728.5194813
1475096729.5195098
1475096730.5194075
1475096731.5195121
1475096732.5194699
1475096733.5193461
1475096734.5194377
1475096735.5194456
1475096736.5194529
1475096737.5194386
1475096738.5194654
1475096739.5194481
1475096740.5194428
1475096741.5193247
1475096742.5194784
1475096743.5195035
1475096744.5194519
1475096745.5195039
1475096746.5195273
1475096747.5193399
1475096748.5194264
1475096749.5195428
1475096750.5193390
1475096751.5193461
1475096752.5197025
1475096753.5193361
1475096754.5193753
1475096755.5197407
1475096756.5193968
1475096757.5193992
1475096758.5197523
1475096759.5195267
1475096760.5193962
1475096761.5193238
1475096762.5195531
1475096763.5193357
1475096764.5194291
1475096765.5195303
1475096766.5194360
1475096767.5193418
1475096768.5194327
1475096769.5194425
1475096770.5193417
1475096771.5193884
1475096772.5195118
1475096773.5194120
1475096774.5194126
1475096775.5194788
1475096776.5194354
1475096777.5194351
1475096778.5193406
1475096779.5195410
1475096780.5193385
1475096781.5193408
1475096782.5194537
1475096783.5193734
1475096784.5193403
1475096785.5194912
1475096786.5195004
1475096787.5193808
1475096788.5194970
1475096789.5195064
1475096790.5194437
1475096791.5193396
1475096792.5194230
1475096793.5194296
1475096794.5195791
1475096795.5193494
1475096796.5194081
1475096797.5194694
1475096798.5193750
1475096799.5193400
1475096800.5195724
1475096801.5193998
1475096802.5193383
1475096803.5195481
1475096804.5194019
1475096805.5194251
1475096806.5194880
1475096807.5193425
1475096808.5193361
1475096809.5197141
1475096810.5193406
1475096811.5193400
1475096812.5197046
1475096813.5193460
1475096814.5194315
1475096815.5197619
1475096816.5193913
1475096817.5194096
1475096818.5194161
1475096819.5195405
1475096820.5195424
1475096821.5194395
1475096822.5195556
1475096823.5194506
1475096824.5194487
1475096825.5194248
1475096826.5194679
1475096827.5194331
1475096828.5194296
1475096829.5194484
1475096830.5193861
1475096831.5194662
1475096832.5194949
1475096833.5193266
1475096834.5193427
1475096835.5198131
1475096836.5194458
1475096837.5194285
1475096838.5198478
1475096839.5195951
1475096840.5193608
1475096841.5197134
1475096842.5194875
1475096843.5194915
1475096844.5193949
1475096845.5194830
1475096846.5194446
1475096847.5194129
1475096848.5194249
1475096849.5195692
1475096850.5193503
1475096851.5194226
1475096852.5198093
1475096853.5194574
1475096854.5194879
1475096855.5193508
1475096856.5193843
1475096857.5195077
1475096858.5193427
1475096859.5194040
1475096860.5195292
1475096861.5194100
1475096862.5194229
1475096863.5194674
1475096864.5194192
1475096865.5193406
1475096866.5194627
1475096867.5194260
1475096868.5193583
1475096869.5194855
1475096870.5194523
1475096871.5193699
1475096872.5194670
1475096873.5194630
1475096874.5194174
1475096875.5197201
1475096876.5194387
1475096877.5194175
1475096878.5198220
1475096879.5193314
1475096880.5194278
1475096881.5197012
1475096882.5193485
1475096883.5193363
1475096884.5194565
1475096885.5193473
1475096886.5197491
1475096887.5193950
1475096888.5194153
1475096889.5197959
1475096890.5194121
1475096891.5193397
1475096892.5194560
1475096893.5194515
1475096894.5194288
1475096895.5193375
1475096896.5194239
1475096897.5194517
1475096898.5193215
1475096899.5195810
1475096900.5195646
1475096901.5193628
1475096902.5193700
1475096903.5195294
1475096904.5194164
1475096905.5194125
1475096906.5194727
1475096907.5193401
1475096908.5193361
1475096909.5194544
1475096910.5193378
1475096911.5194466
1475096912.5194651
1475096913.5193415
1475096914.5194785
1475096915.5193413
1475096916.5194715
1475096917.5194981
1475096918.5193986
1475096919.5195422
1475096920.5194455
1475096921.5194231
1475096922.5195032
1475096923.5194719
1475096924.5193258
1475096925.5194351
1475096926.5195428
1475096927.5193402
1475096928.5194284
1475096929.5194810
1475096930.5193640
1475096931.5193718
1475096932.5194753
1475096933.5193431
1475096934.5193281
1475096935.5195459
1475096936.5193318
1475096937.5193307
1475096938.5193399
1475096939.5194667
1475096940.5194659
1475096941.5193623
1475096942.5194159
1475096943.5193732
1475096944.5213091
1475096945.5193693
1475096946.5194375
1475096947.5194016
1475096948.5194411
1475096949.5194019
1475096950.5193357
1475096951.5194419
1475096952.5197978
1475096953.5194341
1475096954.5194395
1475096955.5197274
1475096956.5194504
1475096957.5193714
1475096958.5193736
1475096959.5195414
1475096960.5194706
1475096961.5194032
1475096962.5194102
1475096963.5195474
1475096964.5194239
1475096965.5194379
1475096966.5195595
1475096967.5195330
1475096968.5193376
1475096969.5193390
1475096970.5194773
1475096971.5193413
1475096972.5193714
1475096973.5195650
1475096974.5194018
1475096975.5193978
1475096976.5195078
1475096977.5194265
1475096978.5194027
1475096979.5194359
1475096980.5194445
1475096981.5194189
1475096982.5194361
1475096983.5194634
1475096984.5193728
1475096985.5193419
1475096986.5197307
1475096987.5193476
1475096988.5193846
1475096989.5194049
1475096990.5195069
1475096991.5194114
1475096992.5193408
1475096993.5195382
1475096994.5194440
1475096995.5193361
1475096996.5195167
1475096997.5194435
1475096998.5193440
1475096999.5195461
1475097000.5195578
1475097001.5193746
1475097002.5194610
1475097003.5194620
1475097004.5193302
1475097005.5194935
1475097006.5194935
1475097007.5194189
1475097008.5195275
1475097009.5194461
1475097010.5193367
1475097011.5195181
1475097012.5194508
1475097013.5193529
1475097014.5193662
1475097015.5194859
1475097016.5193411
1475097017.5193377
1475097018.5193392
1475097019.5195017
1475097020.5194030
1475097021.5193391
1475097022.5194260
1475097023.5195400
1475097024.5194079
1475097025.5193366
1475097026.5195737
1475097027.5194489
1475097028.5193383
1475097029.5194717
1475097030.5193718
1475097031.5193407
1475097032.5197631
1475097033.5195101
1475097034.5197549
1475097035.5194111
1475097036.5194284
1475097037.5195346
1475097038.5194329
1475097039.5194360
1475097040.5194369
1475097041.5193427
1475097042.5193507
1475097043.5194806
1475097044.5193408
1475097045.5193774
1475097046.5194821
1475097047.5193765
1475097048.5194052
1475097049.5195512
1475097050.5193440
1475097051.5194293
1475097052.5193387
1475097053.5195585
1475097054.5194354
1475097055.5193398
1475097056.5194762
1475097057.5193556
1475097058.5193554
1475097059.5194819
1475097060.5193832
1475097061.5193855
1475097062.5195469
1475097063.5195055
1475097064.5194509
1475097065.5195007
1475097066.5194291
1475097067.5193242
1475097068.5194170
1475097069.5194710
1475097070.5193462
1475097071.5193471
1475097072.5197064
1475097073.5195636
1475097074.5193779
1475097075.5194545
1475097076.5193949
1475097077.5195149
1475097078.5194651
1475097079.5194122
1475097080.5193409
1475097081.5194535
1475097082.5193390
1475097083.5193251
1475097084.5195518
1475097085.5194562
1475097086.5194694
1475097087.5193730
1475097088.5195010
1475097089.5193680
1475097090.5193911
1475097091.5195121
1475097092.5194085
1475097093.5194114
1475097094.5198214
1475097095.5193391
1475097096.5194513
1475097097.5197967
1475097098.5194417
1475097101.5194370
1475097104.5195024
1475097105.5193991
1475097108.5194139
1475097112.5194366
1475097113.5194286
1475097116.5195542
1475097118.5193354
1475097119.5194771
1475097120.5195124
1475097121.5193898
1475097122.5195010
1475097123.5195613
1475097124.5194411
1475097125.5193373
1475097126.5195595
1475097127.5193474
1475097128.5193481
1475097131.5193665
1475097132.5195066
1475097138.5193424
1475097139.5195476
1475097142.5194342
1475097143.5195550
1475097145.5193721
1475097146.5195250
1475097148.5193946
1475097154.5194569
1475097156.5194416
1475097157.5193381
1475097165.5194115
1475097169.5198090
1475097170.5194678
1475097171.5193379
1475097175.5197802
1475097176.5193966
1475097177.5193994
1475097180.5194515
1475097182.5194663
1475097183.5193378
1475097190.5194299
1475097191.5194754
1475097194.5195436
1475097195.5195432
1475097197.5193551
1475097198.5193380
1475097199.5195037
1475097203.5195195
1475097206.5194906
1475097208.5194737
1475097212.5195734
1475097217.5195153
1475097218.5194216
1475097219.5194324
1475097221.5195142
1475097224.5194906
1475097227.5194258
1475097233.5193416
1475097234.5198506
1475097236.5193468
1475097238.5220043
1475097239.5250990
1475097240.5252945
1475097241.5255314
1475097243.5253398
1475097244.5253257
1475097245.5256494
1475097247.5214982
1475097249.5221655
1475097251.5252636
1475097252.5260336
1475097253.5255708
1475097254.5218922
1475097255.5254714
1475097256.5251499
1475097260.5266274
1475097262.5199188
1475097266.5253789
1475097268.5254295
1475097269.5253640
1475097270.5217901
1475097271.5219823
1475097272.5254245
1475097273.5204926
1475097274.5256706
1475097275.5252785
1475097277.5204917
1475097278.5256532
1475097279.5208493
1475097280.5252605
1475097283.5205608
1475097287.5253287
1475097289.5206791
1475097293.5229619
1475097294.5253696
1475097295.5254502
1475097297.5200375
1475097298.5253194
1475097300.5255625
1475097301.5255591
1475097303.5256784
1475097304.5254322
1475097306.5204739
1475097309.5254221
1475097312.5254697
1475097316.5197773
1475097317.5253992
1475097318.5256263
1475097319.5253713
1475097320.5203795
1475097321.5221477
1475097322.5197713
1475097323.5204693
1475097324.5252867
1475097326.5210517
1475097327.5253319
1475097328.5196373
1475097331.5228785
1475097332.5257864
1475097334.5198384
1475097337.5256293
1475097338.5253324
1475097340.5255484
1475097341.5257768
1475097342.5254507
1475097343.5201175
1475097344.5199381
1475097345.5197447
1475097346.5254004
1475097348.5198360
1475097349.5253448
1475097350.5213627
1475097352.5254980
1475097354.5201592
1475097355.5233745
1475097356.5256272
1475097358.5256898
1475097359.5195487
1475097360.5201279
1475097364.5195424
1475097366.5208360
1475097369.5256703
1475097370.5253599
1475097371.5198180
1475097374.5198208
1475097377.5255321
1475097378.5254787
1475097380.5209991
1475097382.5199381
1475097384.5197981
1475097387.5236885
1475097388.5254398
1475097389.5253596
1475097390.5200432
1475097391.5200193
1475097393.5196118
1475097396.5204085
1475097397.5253159
1475097401.5253694
1475097402.5233840
1475097403.5254201
1475097404.5251397
1475097405.5198687
1475097407.5254726
1475097408.5204588
1475097409.5257084
1475097410.5256134
1475097412.5223583
1475097413.5203373
1475097415.5194916
1475097416.5253604
1475097417.5255818
1475097418.5252926
1475097422.5211670
1475097423.5253457
1475097424.5256364
1475097427.5196619
1475097429.5254507
1475097431.5251282
1475097436.5256599
1475097440.5253113
1475097444.5196815
1475097446.5254958
1475097447.5254958
1475097448.5253473
1475097450.5255697
1475097452.5255532
1475097453.5253438
1475097455.5197446
1475097458.5212025
1475097461.5255926
1475097462.5210036
1475097463.5200480
1475097464.5252513
1475097466.5252491
1475097467.5254859
1475097468.5257360
1475097469.5255183
1475097470.5252021
1475097471.5206864
1475097479.5256760
1475097480.5251052
1475097482.5252848
1475097484.5253678
1475097486.5252017
1475097487.5250416
1475097488.5254578
1475097489.5252437
1475097490.5257123
1475097491.5258360
1475097492.5252075
1475097493.5207538
1475097494.5258704
1475097495.5257962
1475097499.5253587
1475097501.5207883
1475097502.5255404
1475097503.5229304
1475097504.5204340
1475097505.5257796
1475097509.5251727
1475097513.5206953
1475097514.5254512
1475097515.5250862
1475097517.5254321
1475097519.5253824
1475097525.5254497
1475097527.5254783
1475097528.5255292
1475097529.5220880
1475097531.5256348
1475097534.5252195
1475097537.5254117
1475097839.5355042
1475116663.194618
1475116664.194381
1475116665.194969
1475116666.193257
1475116667.193994
1475116668.194539
1475116669.193621
1475116670.194393
1475116671.197012
1475116672.194505
1475116673.193422
1475116674.198199
1475116675.194843
1475116676.193424
1475116677.193885
1475116678.194329
1475116679.193488
1475116680.193850
1475116681.195161
1475116682.193286
1475116683.193886
1475116684.194465
1475116685.194382
1475116686.193687
1475116687.195033
1475116688.194196
1475116689.194265
1475116690.194843
1475116691.194883
1475116692.193420
1475116693.194376
1475116694.194811
1475116695.193263
1475116696.193234
1475116697.199205
1475116698.193488
1475116699.193226
1475116700.197642
1475116701.193978
1475116702.193239
1475116703.193416
1475116704.194732
1475116705.194452
1475116706.193854
1475116707.195194
1475116708.194109
1475116709.194301
1475116710.194346
1475116711.194309
1475116712.193504
1475116713.194114
1475116714.193758
1475116715.194470
1475116716.193922
1475116717.194031
1475116718.194235
1475116719.193906
1475116720.194237
1475116721.197802
1475116722.195191
1475116723.194347
1475116724.194275
1475116725.194248
1475116726.195409
1475116727.193430
1475116728.194157
1475116729.194571
1475116730.193450
1475116731.193417
1475116732.197831
1475116733.194212
1475116734.193368
1475116735.197590
1475116736.193780
1475116737.193428
1475116738.197517
1475116739.193670
1475116740.193218
1475116741.197048
1475116742.193443
1475116743.194434
1475116744.197198
1475116745.193490
1475116746.193997
1475116747.197656
1475116748.193812
1475116749.193327
1475116750.193424
1475116751.194502
1475116752.193233
1475116753.194407
1475116754.194576
1475116755.194562
1475116756.194109
1475116757.195452
1475116758.194406
1475116759.193809
1475116760.194870
1475116761.193216
1475116762.193395
1475116763.194551
1475116764.193805
1475116765.194251
1475116766.195277
1475116767.195132
1475116768.193874
1475116769.193235
1475116770.194579
1475116771.193908
1475116772.193724
1475116773.194550
1475116774.193389
1475116775.194664
1475116776.194618
1475116777.193369
1475116778.194089
1475116779.197288
1475116780.194324
1475116781.194059
1475116782.193771
1475116783.194546
1475116784.193382
1475116785.193699
1475116786.194543
1475116787.193923
1475116788.193601
1475116789.194116
1475116790.194533
1475116791.194491
1475116792.194278
1475116793.195564
1475116794.193391
1475116795.194119
1475116796.195636
1475116797.193371
1475116798.194613
1475116799.194312
1475116800.194027
1475116801.194271
1475116802.194448
1475116803.194547
1475116804.194078
1475116805.195891
1475116806.193257
1475116807.194004
1475116808.194563
1475116809.194165
1475116810.193275
1475116811.197598
1475116812.193525
1475116813.193417
1475116814.197203
1475116815.194365
1475116816.193378
1475116817.197798
1475116818.194644
1475116819.193356
1475116820.197220
1475116821.194182
1475116822.194557
1475116823.198251
1475116824.193406
1475116825.193390
1475116826.197210
1475116827.193948
1475116828.193270
1475116829.193953
1475116830.195017
1475116831.194411
1475116832.194389
1475116833.195386
1475116834.194530
1475116835.193425
1475116836.194939
1475116837.195247
1475116838.193664
1475116839.195204
1475116840.194463
1475116841.193939
1475116842.194271
1475116843.194970
1475116844.194170
1475116845.194073
1475116846.195283
1475116847.193391
1475116848.193404
1475116849.197139
1475116850.193513
1475116851.193856
1475116852.194200
1475116853.194440
1475116854.193945
1475116855.194333
1475116856.194589
1475116857.194530
1475116858.194319
1475116859.194620
1475116860.193247
1475116861.194281
1475116862.194499
1475116863.193957
1475116864.193323
1475116865.194558
1475116866.193716
1475116867.194244
1475116868.195342
1475116869.193372
1475116870.193699
1475116871.194511
1475116872.194564
1475116873.193676
1475116874.193562
1475116875.196921
1475116876.193372
1475116877.193255
1475116878.193416
1475116879.195566
1475116880.193451
1475116881.193422
1475116882.194941
1475116883.195487
1475116884.193305
1475116885.194547
1475116886.194446
1475116887.193403
1475116888.195279
1475116889.194724
1475116890.193888
1475116891.193939
1475116892.194600
1475116893.193461
1475116894.193373
1475116895.197272
1475116896.193955
1475116897.194517
1475116898.194347
1475116899.194575
1475116900.194883
1475116901.194281
1475116902.194658
1475116903.195230
1475116904.193453
1475116905.194310
1475116906.194268
1475116907.194043
1475116908.195118
1475116909.194253
1475116910.193427
1475116911.194292
1475116912.194457
1475116913.193736
1475116914.195040
1475116915.195127
1475116916.193411
1475116917.194236
1475116918.194702
1475116919.193276
1475116920.193563
1475116921.195199
1475116922.194187
1475116923.193252
1475116924.198198
1475116925.193534
1475116926.193380
1475116927.193249
1475116928.194162
1475116929.194285
1475116930.193785
1475116931.193890
1475116932.197691
1475116933.194078
1475116934.193377
1475116935.198001
1475116936.193298
1475116937.194427
1475116938.194564
1475116939.195008
1475116940.194750
