1475131798.2984989
1475131799.2985149
1475131800.2986429
1475131801.2985612
1475131802.2985710
1475131803.2987956
1475131804.2992432
1475131805.2986897
1475131806.3030801
1475131807.2991196
1475131808.2991089
1475131809.2990446
1475131810.3002710
1475131811.2989513
1475131812.2994089
1475131813.2996201
1475131814.2991055
1475131815.2991614
1475131816.2992065
1475131817.2991700
1475131818.2991546
1475131819.2993588
1475131820.2992746
1475131821.2994093
1475131822.2998367
1475131823.2999447
1475131824.2993903
1475131825.2997895
1475131826.2997241
1475131827.3003771
1475131828.3008118
1475131829.2996202
1475131830.2999627
1475131831.3007300
1475131832.3039322
1475131833.3105306
1475131834.2997849
1475131835.3008619
1475131836.3001369
1475131837.3000348
1475131838.3007927
1475131839.2999945
1475131840.3001686
1475131841.3001565
1475131842.3001488
1475131843.3001555
1475131844.3001989
1475131845.3002139
1475131846.3006816
1475131847.3008269
1475131848.3008317
1475131849.3006111
1475131850.3011939
1475131851.3006449
1475131852.3014150
1475131853.3013564
1475131854.3006921
1475131855.3006801
1475131856.3008224
1475131857.3105266
1475131858.3068726
1475131859.3008069
1475131860.3009431
1475131861.3008454
1475131862.3012739
1475131863.3010832
1475131864.3012265
1475131865.3062171
1475131866.3070409
1475131867.3011563
1475131868.3011791
1475131869.3014304
1475131870.3013602
1475131871.3104206
1475131872.3013614
1475131873.3015187
1475131874.3063896
1475131875.3071513
1475131876.3015963
1475131877.3015032
1475131878.3016823
1475131879.3022811
1475131880.3016873
1475131881.3024160
1475131882.3017450
1475131883.3018047
1475131884.3019193
1475131885.3018474
1475131886.3024248
1475131887.3019788
1475131888.3020523
1475131889.3025425
1475131890.3022491
1475131891.3030506
1475131892.3023063
1475131893.3022113
1475131894.3021848
1475131895.3024583
1475131896.3029795
1475131897.3027154
1475131898.3023686
1475131899.3025611
1475131900.3027857
1475131901.3026100
1475131902.3039172
1475131903.3026574
1475131904.3027583
