1475214632.2905646
1475214633.2952473
1475214634.2952488
1475214635.2952469
1475214636.2903412
1475214637.2911080
1475214638.2906433
1475214639.2893089
1475214640.2916410
1475214641.2912372
1475214642.2952528
1475214643.2952515
1475214644.2952486
1475214645.2952483
1475214646.2952472
1475214647.2952473
1475214648.2952481
1475214649.2952499
1475214650.2952501
1475214651.2904013
1475214652.2891215
1475214653.2942114
1475214654.2952497
1475214655.2952603
1475214656.2952482
1475214657.2952492
1475214658.2952476
1475214659.2895110
1475214660.2893636
1475214661.2952492
1475214662.2911301
1475214663.2930684
1475214664.2951030
1475214665.2952495
1475214666.2933400
1475214667.2952469
1475214668.2952495
1475214669.2952495
1475214670.2952481
1475214671.2952493
1475214672.2952491
1475214673.2952490
1475214674.2895238
1475214675.2952467
1475214676.2952477
1475214677.2952494
1475214678.2952483
1475214679.2952495
1475214680.2952495
1475214681.2952502
1475214682.2952476
1475214683.2952484
1475214684.2952487
1475214685.2952460
1475214686.2937910
1475214687.2922825
1475214688.2912606
1475214689.2900833
1475214690.2952485
1475214691.2952511
1475214692.2952490
1475214693.2952477
1475214694.2904853
1475214695.2952493
1475214696.2952491
1475214697.2952494
1475214698.2952479
1475214699.2952549
1475214700.2952504
1475214701.2952497
1475214702.2905182
1475214703.2923770
1475214704.2942524
1475214705.2952481
1475214706.2952495
1475214707.2952486
1475214708.2952468
1475214709.2952478
1475214710.2952499
1475214711.2906586
1475214712.2924042
1475214713.2941223
1475214714.2952489
1475214715.2952494
1475214716.2952473
1475214717.2952501
1475214718.2952476
1475214719.2952476
1475214720.2952492
1475214721.2952492
1475214722.2952500
1475214723.2952512
1475214724.2907736
1475214725.2952506
1475214726.2937479
1475214727.2952487
1475214728.2952492
1475214729.2952488
1475214730.2952492
1475214731.2952507
1475214732.2952482
1475214733.2952493
1475214734.2952497
1475214735.2952498
1475214736.2952480
1475214737.2952472
1475214738.2952494
1475214739.2952483
1475214740.2952491
1475214741.2920312
1475214742.2952474
1475214743.2911842
1475214744.2932446
1475214745.2951392
1475214746.2952490
1475214747.2952474
1475214748.2952479
1475214749.2952489
1475214750.2952505
1475214751.2952479
1475214752.2952498
1475214753.2952574
1475214754.2952499
1475214755.2952502
1475214756.2952470
1475214757.2952474
1475214758.2919968
1475214759.2929339
1475214760.2952496
1475214761.2926717
1475214762.2946282
1475214763.2952492
1475214764.2952482
1475214765.2952482
1475214766.2952484
1475214767.2952474
1475214768.2952493
1475214769.2952495
1475214770.2952489
1475214771.2952487
1475214772.2952482
1475214773.2952470
1475214774.2952501
1475214775.2952477
1475214776.2952476
1475214777.2952474
1475214778.2952991
1475214779.2952497
1475214780.2952483
1475214781.2952488
1475214782.2952491
1475214783.2952492
1475214784.2952494
1475214785.2952471
1475214786.2952472
1475214787.2952479
1475214788.2952492
1475214789.2952483
1475214790.2952546
1475214791.2952506
1475214792.2952503
1475214793.2952515
1475214794.2925133
1475214795.2946146
1475214796.2952482
1475214797.2952478
1475214798.2952477
1475214799.2952490
1475214800.2952515
1475214801.2952483
1475214802.2952980
1475214803.2952485
1475214804.2952490
1475214805.2952468
1475214806.2952491
1475214807.2952492
1475214808.2952580
1475214809.2952467
1475214810.2933138
1475214811.2952833
1475214812.2952481
1475214813.2952506
1475214814.2940286
1475214815.2952490
1475214816.2952472
1475214817.2952469
1475214818.2952481
1475214819.2952485
1475214820.2952474
1475214821.2952490
1475214822.2952486
1475214823.2953032
1475214824.2952497
1475214825.2952502
1475214826.2952508
1475214827.2952497
1475214828.2952705
1475214829.2952475
1475214830.2952482
1475214831.2952484
1475214832.2952475
1475214833.2952509
1475214834.2952498
1475214835.2952495
1475214836.2952490
1475214837.2952493
1475214838.2952485
1475214839.2952468
1475214840.2952481
1475214841.2952512
1475214842.2952472
1475214843.2952481
1475214844.2944536
1475214845.2952504
1475214846.2952485
1475214847.2952496
1475214848.2948444
1475214849.2952498
1475214850.2952484
1475214851.2952471
1475214852.2952493
1475214853.2952992
1475214854.2952879
1475214855.2952503
1475214856.2952999
1475214857.2952482
1475214858.2949734
1475214859.2952472
1475214860.2952470
1475214861.2952478
1475214862.2952471
1475214863.2952484
1475214864.2952495
1475214865.2952487
1475214866.2952479
1475214867.2952472
1475214868.2952480
1475214869.2952472
1475214870.2952478
1475214871.2952477
1475214872.2952482
1475214873.2952482
1475214874.2952500
1475214875.2952489
1475214876.2952493
1475214877.2952498
1475214878.2952483
1475214879.2952486
1475214880.2952487
1475214881.2952484
1475214882.2952513
1475214883.2952487
1475214884.2952514
1475214885.2952501
1475214886.2952499
1475214887.2952490
1475214888.2952479
1475214889.2952492
1475214890.2952509
1475214891.2952489
1475214892.2952488
1475214893.2966474
1475214894.2952481
1475214895.2951283
1475214896.2952489
1475214897.2952510
1475214898.2952484
1475214899.2948765
1475214900.2952467
1475214901.2952476
1475214902.2952468
1475214903.2952477
1475214904.2978706
1475214905.2952467
1475214906.2952458
1475214907.2961580
1475214908.2952863
1475214909.2952484
1475214910.2952502
1475214911.2952483
1475214912.2952471
1475214913.2952595
1475214914.3053479
1475214915.2952465
1475214916.2952476
1475214917.2952464
1475214918.2952475
1475214919.2952495
1475214920.2988929
1475214921.3007817
1475214922.2993650
1475214923.3052487
1475214924.3052484
1475214925.3002932
1475214926.3006972
1475214927.3001249
1475214928.3052482
1475214929.3052496
1475214930.3052483
1475214931.3005317
1475214932.2998577
1475214933.2995264
1475214934.2988669
1475214935.3015232
1475214936.2999084
1475214937.2991226
1475214938.3053742
1475214939.3048085
1475214940.3019813
1475214941.3052472
1475214942.3052961
1475214943.2959443
1475214944.3052477
1475214945.2968378
1475214946.2966245
1475214947.3052482
1475214948.3006174
1475214949.2992180
1475214950.3041296
1475214951.2988033
1475214952.2987629
1475214953.2987591
1475214954.2929818
1475214955.2965468
1475214956.3052491
1475214957.2991345
1475214958.3011450
1475214959.3028732
1475214960.3144165
1475214961.3007064
1475214962.2998825
1475214963.2991522
1475214964.2973178
1475214965.3052488
1475214966.3052490
1475214967.3052476
1475214968.3028441
1475214969.3052518
1475214970.3018258
1475214971.3035703
1475214972.3013023
1475214973.3038383
1475214974.3037974
1475214975.2966606
1475214976.2952500
1475214977.3052691
1475214978.2967594
1475214979.2988495
1475214980.2952483
1475214981.3052499
1475214982.2983255
1475214983.3052495
1475214984.2975487
1475214985.2976470
1475214986.2979429
1475214987.3052482
1475214988.2952482
1475214989.2974177
1475214990.3052528
1475214991.3052672
1475214992.2978506
1475214993.2982559
1475214994.2971788
1475214995.2983917
1475214996.2978041
1475214997.3052518
1475214998.3067476
1475214999.3010783
1475215000.3028350
1475215001.3026039
1475215002.2981692
1475215003.2980869
1475215004.2981614
1475215005.2982995
1475215006.3052505
1475215007.3005418
1475215008.3027262
1475215009.3044350
1475215010.3052497
1475215011.2985777
1475215012.2985802
1475215013.3052675
1475215014.3052549
1475215015.3007577
1475215016.3053375
1475215017.3053694
1475215018.3052484
1475215019.2985728
1475215020.2981314
1475215021.2945558
1475215022.2942089
1475215023.2943663
1475215024.2979859
1475215025.2939152
1475215026.2941010
1475215027.2966162
1475215028.2985381
1475215029.2992713
1475215030.2981340
1475215031.2939431
1475215032.2946589
1475215033.2997842
1475215034.2991328
1475215035.2941165
1475215036.3052504
1475215037.2954242
1475215038.2987190
1475215039.2980353
1475215040.2971308
1475215041.2996208
1475215042.2942300
1475215043.2981275
1475215044.2969058
1475215045.2956969
1475215046.2944422
1475215047.3002978
1475215048.2993255
1475215049.2996130
1475215050.3017486
1475215051.3052736
1475215052.2952601
1475215053.2949304
1475215054.2961047
1475215055.2968594
1475215056.2990056
1475215057.2948733
1475215058.2946065
1475215059.2958020
1475215060.2985752
1475215061.2947967
1475215062.2946680
1475215063.2963975
1475215064.3007876
1475215065.2963654
1475215066.2976056
1475215067.2948875
1475215068.2950072
1475215069.2959977
1475215070.2954114
1475215071.2962866
1475215072.3004970
1475215073.3014233
1475215074.3006335
1475215075.3001263
1475215076.3018945
1475215077.3017138
1475215078.3010243
1475215079.3011148
1475215080.2997549
1475215081.3013172
1475215082.2998137
1475215083.3052505
1475215084.3052482
1475215085.3052473
1475215086.3052472
1475215087.3029923
1475215088.3021688
1475215089.3019268
1475215090.3012891
1475215091.3052480
1475215092.3018481
1475215093.2995775
1475215094.3013851
1475215095.3003542
1475215096.3007151
1475215097.3052486
1475215098.3052482
1475215099.3009655
1475215100.3027234
1475215101.2974826
1475215102.3052496
1475215103.3011740
1475215104.3028832
1475215105.3047867
1475215106.3052489
1475215107.2986429
1475215108.3033056
1475215109.3052485
1475215110.3052503
1475215111.3094433
1475215112.3052519
1475215113.3052485
1475215114.3052493
1475215115.3052476
1475215116.3052469
1475215117.3052487
1475215118.3052483
1475215119.3052476
1475215120.3052501
1475215121.3052477
1475215122.3052498
1475215123.3052510
1475215124.3052505
1475215125.3052484
1475215126.3052480
1475215127.3052493
1475215128.3008983
1475215129.3052463
1475215130.3052513
1475215131.3052492
1475215132.3052492
1475215133.3052485
1475215134.3052507
1475215135.3052462
1475215136.3004283
1475215137.3052634
1475215138.3006843
1475215139.3052677
1475215140.3052488
1475215141.3052539
1475215142.3052514
1475215143.3052496
1475215144.3052485
1475215145.3052474
1475215146.3031395
1475215147.2968962
1475215148.3015151
1475215149.3008096
1475215150.3024171
1475215151.3044153
1475215152.3012302
1475215153.3032381
1475215154.3052557
1475215155.3034143
1475215156.3052478
1475215157.3052488
1475215158.3052482
1475215159.3052467
1475215160.3052489
1475215161.3052460
1475215162.3052480
1475215163.3026063
1475215164.3014818
1475215165.3052479
1475215166.3052480
1475215167.3052489
1475215168.3052552
1475215169.3052502
1475215170.3052497
1475215171.3052479
1475215172.3052477
1475215173.3042700
1475215174.3052475
1475215175.3052471
1475215176.3052465
1475215177.3052484
1475215178.3052556
1475215179.3052496
1475215180.3052474
1475215181.3052481
1475215182.3052497
1475215183.3052505
1475215184.3052480
1475215185.3052480
1475215186.3052498
1475215187.3052490
1475215188.3052755
1475215189.3052495
1475215190.3052490
1475215191.3052493
1475215192.3052486
1475215193.3052498
1475215194.3052493
1475215195.3052476
1475215196.3052479
1475215197.3052485
1475215198.3052491
1475215199.3052513
1475215200.3023446
1475215201.3041819
1475215202.3032606
1475215203.3052107
1475215204.3052471
1475215205.3020755
1475215206.3052471
1475215207.3052478
1475215208.3040892
1475215209.3052497
1475215210.3052473
1475215211.3052493
1475215212.3052498
1475215213.3052463
1475215214.3052505
1475215215.3052478
1475215216.3052472
1475215217.3052468
1475215218.3052489
1475215219.3052490
1475215220.3052496
1475215221.3052488
1475215222.3052503
1475215223.3052471
1475215224.3052480
1475215225.3052478
1475215226.3052493
1475215227.3052475
1475215228.3052495
1475215229.3052486
1475215230.3052481
1475215231.3052508
1475215232.3052495
1475215233.3052494
1475215234.3052492
1475215235.3052481
1475215236.3052477
1475215237.3052501
1475215238.3052785
1475215239.3052495
1475215240.3052466
1475215241.3052554
1475215242.3082068
1475215243.3052479
1475215244.3052552
1475215245.3052475
1475215246.3052471
1475215247.3052478
1475215248.3052493
1475215249.3052510
1475215250.3052477
1475215251.3043329
1475215252.3052657
1475215253.3033361
1475215254.3052478
1475215255.3104856
1475215256.3052477
1475215257.3052495
1475215258.3052491
1475215259.3052490
1475215260.3052744
1475215261.3052486
1475215262.3052502
1475215263.2999071
1475215264.3052493
1475215265.3052482
1475215266.3052482
1475215267.3052469
1475215268.3052487
1475215269.3094639
1475215270.3052469
1475215271.3052499
1475215272.3052486
1475215273.3052478
1475215274.3052475
1475215275.3052484
1475215276.3052499
1475215277.3052511
1475215278.3052501
1475215279.3052495
1475215280.3052495
1475215281.3052549
1475215282.3052481
1475215283.3052467
1475215284.3052473
1475215285.3052476
1475215286.3052512
1475215287.3052502
1475215288.3052762
1475215289.3052494
1475215290.3052505
1475215291.3052476
1475215292.3052473
1475215293.3052474
1475215294.3052475
1475215295.3052498
1475215296.3052517
1475215297.3052498
1475215298.3052489
1475215299.3052500
1475215300.3052508
1475215301.3052469
1475215302.3052509
1475215303.3052511
1475215304.3052501
1475215305.3052497
1475215306.3052501
1475215307.3052467
1475215308.3052488
1475215309.3052475
1475215310.3052476
1475215311.3052488
1475215312.3052488
1475215313.3052481
1475215314.3052490
1475215315.3052495
1475215316.3052485
1475215317.3052478
1475215318.3052495
1475215319.3052476
1475215320.3052483
1475215321.3052500
1475215322.3052479
1475215323.3052493
1475215324.3052479
1475215325.3052477
1475215326.3052540
1475215327.3052470
1475215328.3052489
1475215329.3052487
1475215330.3052470
1475215331.3052487
1475215332.3052552
1475215333.3052486
1475215334.3103329
1475215335.3052495
1475215336.3052501
1475215337.3052483
1475215338.3067448
1475215339.3052478
1475215340.3052475
1475215341.3087404
1475215342.3052479
1475215343.3052491
1475215344.3052480
1475215345.3052474
1475215346.3052478
1475215347.3052484
1475215348.3068235
1475215349.3068536
1475215350.3092216
1475215351.3091343
1475215352.3068537
1475215353.3082244
1475215354.3068669
1475215355.3068514
1475215356.3152496
1475215357.3152493
1475215358.3152511
1475215359.3152492
1475215360.3068660
1475215361.3068545
1475215362.3082934
1475215363.3083440
1475215364.3082537
1475215365.3190279
1475215366.3021762
1475215367.3053060
1475215368.3033536
1475215369.3026043
1475215370.3152481
1475215371.3029684
1475215372.3025263
1475215373.3040719
1475215374.3094472
1475215375.3032987
1475215376.3022548
1475215377.3032058
1475215378.3037308
1475215379.3059910
1475215380.3033976
1475215381.3041343
1475215382.3061076
1475215383.3087055
1475215384.3095813
1475215385.3085320
1475215386.3109475
1475215387.3028824
1475215388.3062212
1475215389.3026736
1475215390.3039968
1475215391.3025338
1475215392.3062612
1475215393.3024942
1475215394.3025186
1475215395.3034935
1475215396.3063928
1475215397.3035156
1475215398.3039802
1475215399.3025514
1475215400.3038288
1475215401.3044362
1475215402.3034451
1475215403.3097381
1475215404.3028121
1475215405.3066299
1475215406.3033058
1475215407.3035793
1475215408.3066518
1475215409.3049746
1475215410.3044645
1475215411.3039295
1475215412.3034471
1475215413.3031106
1475215414.3031760
1475215415.3093965
1475215416.3034426
1475215417.3125782
1475215418.3103751
1475215419.3095743
1475215420.3055904
1475215421.3049620
1475215422.3035263
1475215423.3041432
1475215424.3083755
1475215425.3032704
1475215426.3050562
1475215427.3084206
1475215428.3153576
1475215429.3076976
1475215430.3082751
1475215431.3072297
1475215432.3075854
1475215433.3083534
1475215434.3088822
1475215435.3035782
1475215436.3043705
1475215437.3066502
1475215438.3036801
1475215439.3042888
1475215440.3037303
1475215441.3039248
1475215442.3049177
1475215443.3044586
1475215444.3079550
1475215445.3075778
1475215446.3063311
1475215447.3073617
1475215448.3048332
1475215449.3116569
1475215450.3102812
1475215451.3091054
1475215452.3152485
1475215453.3089539
1475215454.3082994
1475215455.3129204
1475215456.3109680
1475215457.3081565
1475215458.3039792
1475215459.3112993
1475215460.3152498
1475215461.3152474
1475215462.3152477
1475215463.3152473
1475215464.3082707
1475215465.3097814
1475215466.3084755
1475215467.3085476
1475215468.3152510
1475215469.3152503
1475215470.3152498
1475215471.3085448
1475215472.3085720
1475215473.3152479
1475215474.3083311
1475215475.3101320
1475215476.3100103
1475215477.3085629
1475215478.3084646
1475215479.3104474
1475215480.3089567
1475215481.3097132
1475215482.3089123
1475215483.3152517
1475215484.3088357
1475215485.3096677
1475215486.3087752
1475215487.3085756
1475215488.3153204
1475215489.3152472
1475215490.3091975
1475215491.3087895
1475215492.3127693
1475215493.3146457
1475215494.3087256
1475215495.3152488
1475215496.3152484
1475215497.3152496
1475215498.3152488
1475215499.3159104
1475215500.3152511
1475215501.3152470
1475215502.3152491
1475215503.3050836
1475215504.3097474
1475215505.3103158
1475215506.3152481
1475215507.3152494
1475215508.3152476
1475215509.3152495
1475215510.3152487
1475215511.3152488
1475215512.3152487
1475215513.3152478
1475215514.3152489
1475215515.3152550
1475215516.3152502
1475215517.3152490
1475215518.3109871
1475215519.3152471
1475215520.3152476
1475215521.3152488
1475215522.3152482
1475215523.3152491
1475215524.3116028
1475215525.3152627
1475215526.3152490
1475215527.3152492
1475215528.3152485
1475215529.3152471
1475215530.3152473
1475215531.3152483
1475215532.3152457
1475215533.3152488
1475215534.3126369
1475215535.3104754
1475215536.3124606
1475215537.3141695
1475215538.3152489
1475215539.3152476
1475215540.3152477
1475215541.3104606
1475215542.3083962
1475215543.3148688
1475215544.3122912
1475215545.3114177
1475215546.3152491
1475215547.3152485
1475215548.3113147
1475215549.3111508
1475215550.3152497
1475215551.3152579
1475215552.3152490
1475215553.3111100
1475215554.3152482
1475215555.3153087
1475215556.3253668
1475215557.3080816
1475215558.3077044
1475215559.3066623
1475215560.3095769
1475215561.3073104
1475215562.3109171
1475215563.3077741
1475215564.3122021
1475215565.3072191
1475215566.3064944
1475215567.3066426
1475215568.3142443
1475215569.3152596
1475215570.3083218
1475215571.3152477
1475215572.3107347
1475215573.3089634
1475215574.3152654
1475215575.3067679
1475215576.3072127
1475215577.3097390
1475215578.3152486
1475215579.3152545
1475215580.3123417
1475215581.3102294
1475215582.3090353
1475215583.3081341
1475215584.3079518
1475215585.3146473
1475215586.3152490
1475215587.3088932
1475215588.3084931
1475215589.3152499
1475215590.3152607
1475215591.3111833
1475215592.3131796
1475215593.3134373
1475215594.3119451
1475215595.3080481
1475215596.3080016
1475215597.3152484
1475215598.3089399
1475215599.3085369
1475215600.3114033
1475215601.3152501
1475215602.3085768
1475215603.3073362
1475215604.3152640
1475215605.3152594
1475215606.3114079
1475215607.3113219
1475215608.3152469
1475215609.3113852
1475215610.3079233
1475215611.3104585
1475215612.3091447
1475215613.3091337
1475215614.3152678
1475215615.3152492
1475215616.3152461
1475215617.3152477
1475215618.3152470
1475215619.3152474
1475215620.3153467
1475215621.3152487
1475215622.3152563
1475215623.3151230
1475215624.3253335
1475215625.3145294
1475215626.3131248
1475215627.3152463
1475215628.3152470
1475215629.3152830
1475215630.3152454
1475215631.3192587
1475215632.3128816
1475215633.3148245
1475215634.3152485
1475215635.3152479
1475215636.3152487
1475215637.3152479
1475215638.3152513
1475215639.3156188
1475215640.3152547
1475215641.3152645
1475215642.3126193
1475215643.3123370
1475215644.3129288
1475215645.3084816
1475215646.3096616
1475215647.3098754
1475215648.3099863
1475215649.3090744
1475215650.3152484
1475215651.3087943
1475215652.3097470
1475215653.3095641
1475215654.3152488
1475215655.3109525
1475215656.3126306
1475215657.3096793
1475215658.3088720
1475215659.3133069
1475215660.3096354
1475215661.3110943
1475215662.3092390
1475215663.3091410
1475215664.3152469
1475215665.3208727
1475215666.3152472
1475215667.3152561
1475215668.3097833
1475215669.3100162
1475215670.3098953
1475215671.3098071
1475215672.3094717
1475215673.3123897
1475215674.3096742
1475215675.3095682
1475215676.3122385
1475215677.3097412
1475215678.3093724
1475215679.3102383
1475215680.3152651
1475215681.3131143
1475215682.3118282
1475215683.3117979
1475215684.3156124
1475215685.3099220
1475215686.3152476
1475215687.3107585
1475215688.3152491
1475215689.3153317
1475215690.3110322
1475215691.3101601
1475215692.3094908
1475215693.3114007
1475215694.3108021
1475215695.3115418
1475215696.3107168
1475215697.3106156
1475215698.3101120
1475215699.3098276
1475215700.3113536
1475215701.3152574
1475215702.3153372
1475215703.3122775
1475215704.3153624
1475215705.3099661
1475215706.3104891
1475215707.3121030
1475215708.3104782
1475215709.3137392
1475215710.3107344
1475215711.3122144
1475215712.3152483
1475215713.3138487
1475215714.3253548
1475215715.3139451
1475215716.3102576
1475215717.3104567
1475215718.3111605
1475215719.3105068
1475215720.3102663
1475215721.3129901
1475215722.3105910
1475215723.3104996
1475215724.3109002
1475215725.3110254
1475215726.3117376
1475215727.3214208
1475215728.3152541
1475215729.3192454
1475215730.3138763
1475215731.3104500
1475215732.3125396
1475215733.3152461
1475215734.3108145
1475215735.3108976
1475215736.3107726
1475215737.3108443
1475215738.3120526
1475215739.3153396
1475215740.3182157
1475215741.3153099
1475215742.3118031
1475215743.3110076
1475215744.3153530
1475215745.3121078
1475215746.3123123
1475215747.3146785
1475215748.3152469
1475215749.3152468
1475215750.3152462
1475215751.3152469
1475215752.3152473
1475215753.3152503
1475215754.3152481
1475215755.3152473
1475215756.3152480
1475215757.3152489
1475215758.3152490
1475215759.3152445
1475215760.3241059
1475215761.3152489
1475215762.3152481
1475215763.3152568
1475215764.3152469
1475215765.3152476
1475215766.3152479
1475215767.3152473
1475215768.3152489
1475215769.3152491
1475215770.3152478
1475215771.3152473
1475215772.3157980
1475215773.3252499
1475215774.3176017
1475215775.3169943
1475215776.3187689
1475215777.3203668
1475215778.3206435
1475215779.3206539
1475215780.3252488
1475215781.3194117
1475215782.3179795
1475215783.3252480
1475215784.3178331
1475215785.3167023
1475215786.3183261
1475215787.3200650
1475215788.3210644
1475215789.3230880
1475215790.3200337
1475215791.3195581
1475215792.3192592
1475215793.3252497
1475215794.3252462
1475215795.3240988
1475215796.3252478
1475215797.3167882
1475215798.3184524
1475215799.3212277
1475215800.3170178
1475215801.3253098
1475215802.3252489
1475215803.3168521
1475215804.3225658
1475215805.3201845
1475215806.3191221
1475215807.3183269
1475215808.3184437
1475215809.3252481
1475215810.3168934
1475215811.3191869
1475215812.3252490
1475215813.3189028
1475215814.3172514
1475215815.3252477
1475215816.3189406
1475215817.3184867
1475215818.3171275
1475215819.3184865
1475215820.3178607
1475215821.3195005
1475215822.3252686
1475215823.3195419
1475215824.3214830
1475215825.3169069
1475215826.3169459
1475215827.3188608
1475215828.3252513
1475215829.3252487
1475215830.3252497
1475215831.3252511
1475215832.3252490
1475215833.3187623
1475215834.3186414
1475215835.3169258
1475215836.3173264
1475215837.3182931
1475215838.3199505
1475215839.3217613
1475215840.3210837
1475215841.3206518
1475215842.3252604
1475215843.3252496
1475215844.3186074
1475215845.3187247
1475215846.3253119
1475215847.3228100
1475215848.3186432
1475215849.3179465
1475215850.3203824
1475215851.3208416
1475215852.3205918
1475215853.3203657
1475215854.3134167
1475215855.3215333
1475215856.3212715
1475215857.3210445
1475215858.3138645
1475215859.3171194
1475215860.3163799
1475215861.3141269
1475215862.3152455
1475215863.3168301
1475215864.3177766
1475215865.3199399
1475215866.3145043
1475215867.3160770
1475215868.3144328
1475215869.3138908
1475215870.3155483
1475215871.3136927
1475215872.3176090
1475215873.3252496
1475215874.3211214
1475215875.3193627
1475215876.3193617
1475215877.3252496
1475215878.3252482
1475215879.3252464
1475215880.3252471
1475215881.3252472
1475215882.3252511
1475215883.3181415
1475215884.3252466
1475215885.3252466
1475215886.3252473
1475215887.3252495
1475215888.3252485
1475215889.3252486
1475215890.3252480
1475215891.3252504
1475215892.3252463
1475215893.3252473
1475215894.3252853
1475215895.3184049
1475215896.3252502
1475215897.3252501
1475215898.3192646
1475215899.3209531
1475215900.3230080
1475215901.3246530
1475215902.3252499
1475215903.3252509
1475215904.3152489
1475215905.3194463
1475215906.3252482
1475215907.3252510
1475215908.3208112
1475215909.3215406
1475215910.3207582
1475215911.3206968
1475215912.3211099
1475215913.3191209
1475215914.3187724
1475215915.3191166
1475215916.3188019
1475215917.3252483
1475215918.3152495
1475215919.3252467
1475215920.3252479
1475215921.3252496
1475215922.3189329
1475215923.3189501
1475215924.3252496
1475215925.3252467
1475215926.3252479
1475215927.3252486
1475215928.3193545
1475215929.3191094
1475215930.3252472
1475215931.3252494
1475215932.3252468
1475215933.3252498
1475215934.3252501
1475215935.3252477
1475215936.3252470
1475215937.3252479
1475215938.3252500
1475215939.3195993
1475215940.3252672
1475215941.3222636
1475215942.3252507
1475215943.3252469
1475215944.3252496
1475215945.3252478
1475215946.3252492
1475215947.3252478
1475215948.3252497
1475215949.3199778
1475215950.3218580
1475215951.3238418
1475215952.3252474
1475215953.3252482
1475215954.3215274
1475215955.3252654
1475215956.3252483
1475215957.3252480
1475215958.3252476
1475215959.3252475
1475215960.3235405
1475215961.3209397
1475215962.3205442
1475215963.3252498
1475215964.3219273
1475215965.3238830
1475215966.3252515
1475215967.3252580
1475215968.3220202
1475215969.3201805
1475215970.3217647
1475215971.3241425
1475215972.3252473
1475215973.3211133
1475215974.3252591
1475215975.3217236
1475215976.3252490
1475215977.3252494
1475215978.3253584
1475215979.3252479
1475215980.3252495
1475215981.3253556
1475215982.3252484
1475215983.3168098
1475215984.3180430
1475215985.3166922
1475215986.3176291
1475215987.3252559
1475215988.3252464
1475215989.3167587
1475215990.3185379
1475215991.3170363
1475215992.3252493
1475215993.3252478
1475215994.3173914
1475215995.3167214
1475215996.3169269
1475215997.3170908
1475215998.3173352
1475215999.3205059
1475216000.3207280
1475216001.3193417
1475216002.3183023
1475216003.3184317
1475216004.3187906
1475216005.3207336
1475216006.3252471
1475216007.3210657
1475216008.3197684
1475216009.3173327
1475216010.3170986
1475216011.3178910
1475216012.3173247
1475216013.3252477
1475216014.3177641
1475216015.3170888
1475216016.3180250
1475216017.3253546
1475216018.3252448
1475216019.3180267
1475216020.3172671
1475216021.3175385
1475216022.3173566
1475216023.3244158
1475216024.3175583
1475216025.3173266
1475216026.3213040
1475216027.3176440
1475216028.3189814
1475216029.3176306
1475216030.3207600
1475216031.3176534
1475216032.3179539
1475216033.3179561
1475216034.3201084
1475216035.3182361
1475216036.3197235
1475216037.3208197
1475216038.3181908
1475216039.3178325
1475216040.3183360
1475216041.3179201
1475216042.3186294
1475216043.3178645
1475216044.3183630
1475216045.3179945
1475216046.3179879
1475216047.3213300
1475216048.3252480
1475216049.3179458
1475216050.3183337
1475216051.3188304
1475216052.3182660
1475216053.3252487
1475216054.3181199
1475216055.3181708
1475216056.3184196
1475216057.3184029
1475216058.3187041
1475216059.3231113
1475216060.3192091
1475216061.3186896
1475216062.3190349
1475216063.3222156
1475216064.3185001
1475216065.3223746
1475216066.3189006
1475216067.3184466
1475216068.3183444
1475216069.3185021
1475216070.3256252
1475216071.3215885
1475216072.3192348
1475216073.3256212
1475216074.3195360
1475216075.3212835
1475216076.3219368
1475216077.3189886
1475216078.3252945
1475216079.3195208
1475216080.3190641
1475216081.3187058
1475216082.3219048
1475216083.3253621
1475216084.3252485
1475216085.3195931
1475216086.3205707
1475216087.3190928
1475216088.3203544
1475216089.3207395
1475216090.3223347
1475216091.3192468
1475216092.3206127
1475216093.3212467
1475216094.3196387
1475216095.3199435
1475216096.3203492
1475216097.3217414
1475216098.3253638
1475216099.3191404
1475216100.3230803
1475216101.3194662
1475216102.3193172
1475216103.3194428
1475216104.3196422
1475216105.3218520
1475216106.3192552
1475216107.3193392
1475216108.3252475
1475216109.3252481
1475216110.3232023
1475216111.3252492
1475216112.3196338
1475216113.3197531
1475216114.3195429
1475216115.3200562
1475216116.3209253
1475216117.3209175
1475216118.3200763
1475216119.3201773
1475216120.3252485
1475216121.3252489
1475216122.3253793
1475216123.3210012
1475216124.3218819
1475216125.3199538
1475216126.3216533
1475216127.3252484
1475216128.3254415
1475216129.3204107
1475216130.3223937
1475216131.3253624
1475216132.3218480
1475216133.3238129
1475216134.3205797
1475216135.3211598
1475216136.3226157
1475216137.3216994
1475216138.3225506
1475216139.3201401
1475216140.3239569
1475216141.3229352
1475216142.3252490
1475216143.3212713
1475216144.3201669
1475216145.3204135
1475216146.3213957
1475216147.3252530
1475216148.3205132
1475216149.3240038
1475216150.3226857
1475216151.3252485
1475216152.3208198
1475216153.3204276
1475216154.3209816
1475216155.3204433
1475216156.3227640
1475216157.3216406
1475216158.3252642
1475216159.3223520
1475216160.3207471
1475216161.3209560
1475216162.3216939
1475216163.3210634
1475216164.3213597
1475216165.3243631
1475216166.3230354
1475216167.3209077
1475216168.3207725
1475216169.3210070
1475216170.3246915
1475216171.3247442
1475216172.3253550
1475216173.3210127
1475216174.3209832
1475216175.3222307
1475216176.3238433
1475216177.3294333
1475216178.3222586
1475216179.3253928
1475216180.3218613
1475216181.3215780
1475216182.3249859
1475216183.3252572
1475216184.3253620
1475216185.3219503
1475216186.3211794
1475216187.3215669
1475216188.3251132
1475216189.3213723
1475216190.3220428
1475216191.3213772
1475216192.3303820
1475216193.3253640
1475216194.3213575
1475216195.3227160
1475216196.3244341
1475216197.3353612
1475216198.3352560
1475216199.3236171
1475216200.3322258
1475216201.3342378
1475216202.3273351
1475216203.3252478
1475216204.3229198
1475216205.3231997
1475216206.3219816
1475216207.3225503
1475216208.3236788
1475216209.3352475
1475216210.3225344
1475216211.3245457
1475216212.3217863
1475216213.3308413
1475216214.3285143
1475216215.3235827
1475216216.3256208
1475216217.3297651
1475216218.3310342
1475216219.3352498
1475216220.3219815
1475216221.3289857
1475216222.3299990
1475216223.3298330
1475216224.3222166
1475216225.3238733
1475216226.3239885
1475216227.3304673
1475216228.3224573
1475216229.3260712
1475216230.3223275
1475216231.3237975
1475216232.3277958
1475216233.3255382
1475216234.3276583
1475216235.3295565
1475216236.3225401
1475216237.3315388
1475216238.3233459
1475216239.3224459
1475216240.3239829
1475216241.3302556
1475216242.3292767
1475216243.3228544
1475216244.3235754
1475216245.3233971
1475216246.3227783
1475216247.3290797
1475216248.3236534
1475216249.3274845
1475216250.3236824
1475216251.3287949
1475216252.3352691
1475216253.3274453
1475216254.3245399
1475216255.3234313
1475216256.3231775
1475216257.3291136
1475216258.3295038
1475216259.3231732
1475216260.3236356
1475216261.3301770
1475216262.3305754
1475216263.3280123
1475216264.3302618
1475216265.3294807
1475216266.3230995
1475216267.3300676
1475216268.3258328
1475216269.3241001
1475216270.3233889
1475216271.3237202
1475216272.3352496
1475216273.3249366
1475216274.3306367
1475216275.3320395
1475216276.3242804
1475216277.3253954
1475216278.3320225
1475216279.3244179
1475216280.3249695
1475216281.3239422
1475216282.3247349
1475216283.3242800
1475216284.3274289
1475216285.3235178
1475216286.3255378
1475216287.3352659
1475216288.3252762
1475216289.3249240
1475216290.3242604
1475216291.3242866
1475216292.3277912
1475216293.3246756
1475216294.3298589
1475216295.3356058
1475216296.3239003
1475216297.3352484
1475216298.3276786
1475216299.3352536
1475216300.3317493
1475216301.3244672
1475216302.3352564
1475216303.3353065
1475216304.3255253
1475216305.3257205
1475216306.3244015
1475216307.3304828
1475216308.3313917
1475216309.3255934
1475216310.3241352
1475216311.3250328
1475216312.3282788
1475216313.3275545
1475216314.3243900
1475216315.3244767
1475216316.3249309
1475216317.3352488
1475216318.3293552
1475216319.3243519
1475216320.3253011
1475216321.3244125
1475216322.3351114
1475216323.3244811
1475216324.3245065
1475216325.3248427
1475216326.3352506
1475216327.3302645
1475216328.3352489
1475216329.3352463
1475216330.3353625
1475216331.3313329
1475216332.3288834
1475216333.3352551
1475216334.3306669
1475216335.3353786
1475216336.3352508
1475216337.3255421
1475216338.3249353
1475216339.3252895
1475216340.3268424
1475216341.3253414
1475216342.3300725
1475216343.3309636
1475216344.3311539
1475216345.3296828
1475216346.3311553
1475216347.3353793
1475216348.3352677
1475216349.3253685
1475216350.3261533
1475216351.3263815
1475216352.3301182
1475216353.3279089
1475216354.3261602
1475216355.3258961
1475216356.3257015
1475216357.3353566
1475216358.3352487
1475216359.3333400
1475216360.3255590
1475216361.3301176
1475216362.3310635
1475216363.3264035
1475216364.3293451
1475216365.3311708
1475216366.3313683
1475216367.3260572
1475216368.3258432
1475216369.3263288
1475216370.3258135
1475216371.3268680
1475216372.3261975
1475216373.3258183
1475216374.3267742
1475216375.3265334
1475216376.3259980
1475216377.3267844
1475216378.3352499
1475216379.3352481
1475216380.3353311
1475216381.3326211
1475216382.3308860
1475216383.3352472
1475216384.3352479
1475216385.3308504
1475216386.3309961
1475216387.3298535
1475216388.3303578
1475216389.3330547
1475216390.3331803
1475216391.3341596
1475216392.3326374
1475216393.3321507
1475216394.3352464
1475216395.3352487
1475216396.3352480
1475216397.3352473
1475216398.3352504
1475216399.3352474
1475216400.3352478
1475216401.3343115
1475216402.3338037
1475216403.3344039
1475216404.3321996
1475216405.3330791
1475216406.3318329
1475216407.3311172
1475216408.3352486
1475216409.3352477
1475216410.3318539
1475216411.3330221
1475216412.3316678
1475216413.3320200
1475216414.3312817
1475216415.3349519
1475216416.3343518
1475216417.3329919
1475216418.3352486
1475216419.3352483
1475216420.3352461
1475216421.3352479
1475216422.3352474
1475216423.3352494
1475216424.3352487
1475216425.3353412
1475216426.3337259
1475216427.3352474
1475216428.3352475
1475216429.3352463
1475216430.3352464
1475216431.3352475
1475216432.3352487
1475216433.3352513
1475216434.3364066
1475216435.3328451
1475216436.3348660
1475216437.3352495
1475216438.3352467
1475216439.3352493
1475216440.3352495
1475216441.3352473
1475216442.3343569
1475216443.3316986
1475216444.3352469
1475216445.3323239
1475216446.3352473
1475216447.3352475
1475216448.3352491
1475216449.3352470
1475216450.3348286
1475216451.3347703
1475216452.3332576
1475216453.3329089
1475216454.3317405
1475216455.3316574
1475216456.3327838
1475216457.3315372
1475216458.3352470
1475216459.3352486
1475216460.3352477
1475216461.3352493
1475216462.3352491
1475216463.3352489
1475216464.3352499
1475216465.3352553
1475216466.3352479
1475216467.3352479
1475216468.3352485
1475216469.3352483
1475216470.3352496
1475216471.3352478
1475216472.3352485
1475216473.3352476
1475216474.3352484
1475216475.3352480
1475216476.3352490
1475216477.3352498
1475216478.3352484
1475216479.3352506
1475216480.3290873
1475216481.3352684
1475216482.3322192
1475216483.3370457
1475216484.3352479
1475216485.3352472
1475216486.3352493
1475216487.3352507
1475216488.3352493
1475216489.3352479
1475216490.3352484
1475216491.3352481
1475216492.3352475
1475216493.3352474
1475216494.3352472
1475216495.3352487
1475216496.3352480
1475216497.3352483
1475216498.3352478
1475216499.3352496
1475216500.3352487
1475216501.3352493
1475216502.3326904
1475216503.3352493
1475216504.3352502
1475216505.3352498
1475216506.3352492
1475216507.3352484
1475216508.3352480
1475216509.3352466
1475216510.3352477
1475216511.3352487
1475216512.3352477
1475216513.3352511
1475216514.3352511
1475216515.3352476
1475216516.3352482
1475216517.3352488
1475216518.3352473
1475216519.3352474
1475216520.3352488
1475216521.3352492
1475216522.3352476
1475216523.3352492
1475216524.3339516
1475216525.3352488
1475216526.3352478
1475216527.3352487
1475216528.3352480
1475216529.3352469
1475216530.3339736
1475216531.3352498
1475216532.3352505
1475216533.3352482
1475216534.3352471
1475216535.3352481
1475216536.3336501
1475216537.3352484
1475216538.3352484
1475216539.3352479
1475216540.3352476
1475216541.3352455
1475216542.3352478
1475216543.3352490
1475216544.3352489
1475216545.3352475
1475216546.3352480
1475216547.3352979
1475216548.3352491
1475216549.3352484
1475216550.3352495
1475216551.3352482
1475216552.3352494
1475216553.3352494
1475216554.3352481
1475216555.3352488
1475216556.3352513
1475216557.3352470
1475216558.3352480
1475216559.3352492
1475216560.3352491
1475216561.3352481
1475216562.3352470
1475216563.3352481
1475216564.3352474
1475216565.3352496
1475216566.3352468
1475216567.3352483
1475216568.3369262
1475216569.3352492
1475216570.3352481
1475216571.3352480
1475216572.3352468
1475216573.3342042
1475216574.3352496
1475216575.3352477
1475216576.3352475
1475216577.3352487
1475216578.3352508
1475216579.3352498
1475216580.3352486
1475216581.3352480
1475216582.3352500
1475216583.3352477
1475216584.3352489
1475216585.3352479
1475216586.3352473
1475216587.3352486
1475216588.3352464
1475216589.3352504
1475216590.3352486
1475216591.3352498
1475216592.3352957
1475216593.3352496
1475216594.3352518
1475216595.3352475
1475216596.3352483
1475216597.3352484
1475216598.3352471
1475216599.3352499
1475216600.3352473
1475216601.3352505
1475216602.3352495
1475216603.3356210
1475216604.3316992
1475216605.3352483
1475216606.3353764
1475216607.3352500
1475216608.3353375
1475216609.3352466
1475216610.3354669
1475216611.3352555
1475216612.3352461
1475216613.3352485
1475216614.3352538
1475216615.3352492
1475216616.3352487
1475216617.3352472
1475216618.3396945
1475216619.3394460
1475216620.3392065
1475216621.3393209
1475216622.3388936
1475216623.3371808
1475216624.3392902
1475216625.3392747
1475216626.3395147
1475216627.3395025
1475216628.3372462
1475216629.3392755
1475216630.3394148
1475216631.3370177
1475216632.3377085
1475216633.3452509
1475216634.3390041
1475216635.3385053
1475216636.3391958
1475216637.3446437
1475216638.3371391
1475216639.3384495
1475216640.3391344
1475216641.3389630
1475216642.3371129
1475216643.3371560
1475216644.3391216
1475216645.3384642
1475216646.3452463
1475216647.3383836
1475216648.3452499
1475216649.3371412
1475216650.3386914
1475216651.3390908
1475216652.3373991
1475216653.3391278
1475216654.3452505
1475216655.3385056
1475216656.3452502
1475216657.3372577
1475216658.3452495
1475216659.3371391
1475216660.3387401
1475216661.3370902
1475216662.3397522
1475216663.3371300
1475216664.3391020
1475216665.3378335
1475216666.3452503
1475216667.3390108
1475216668.3390764
1475216669.3408492
1475216670.3408333
1475216671.3403529
1475216672.3404697
1475216673.3372475
1475216674.3397981
1475216675.3418469
1475216676.3437309
1475216677.3397219
1475216678.3393027
1475216679.3376299
1475216680.3391934
1475216681.3383348
1475216682.3371201
1475216683.3390349
1475216684.3370548
1475216685.3387455
1475216686.3404693
1475216687.3419340
1475216688.3407630
1475216689.3371365
1475216690.3383259
1475216691.3371561
1475216692.3386689
1475216693.3452700
1475216694.3390893
1475216695.3389952
1475216696.3452514
1475216697.3384822
1475216698.3383607
1475216699.3452493
1475216700.3390663
1475216701.3387454
1475216702.3387187
1475216703.3392515
1475216704.3391712
1475216705.3394427
1475216706.3391274
1475216707.3392986
1475216708.3399436
1475216709.3396508
1475216710.3389180
1475216711.3389811
1475216712.3386461
1475216713.3452507
1475216714.3452497
1475216715.3452488
1475216716.3452593
1475216717.3388773
1475216718.3390709
1475216719.3388422
1475216720.3395760
1475216721.3452631
1475216722.3388452
1475216723.3386478
1475216724.3391806
1475216725.3389389
1475216726.3385090
1475216727.3399218
1475216728.3388184
1475216729.3394806
1475216730.3393671
1475216731.3391140
1475216732.3382376
1475216733.3392787
1475216734.3389560
1475216735.3393238
1475216736.3392167
1475216737.3392601
1475216738.3392102
1475216739.3452730
1475216740.3389637
1475216741.3391369
1475216742.3385779
1475216743.3392470
1475216744.3452500
1475216745.3391485
1475216746.3386754
1475216747.3384639
1475216748.3390056
1475216749.3392230
1475216750.3392569
1475216751.3394633
1475216752.3452480
1475216753.3390285
1475216754.3393480
1475216755.3391934
1475216756.3392785
1475216757.3386704
1475216758.3452473
1475216759.3393330
1475216760.3393081
1475216761.3352496
1475216762.3390344
1475216763.3389354
1475216764.3452493
1475216765.3452596
1475216766.3452482
1475216767.3394217
1475216768.3452483
1475216769.3388920
1475216770.3396316
1475216771.3392881
1475216772.3416762
1475216773.3393004
1475216774.3396691
1475216775.3393783
1475216776.3452510
1475216777.3452489
1475216778.3452520
1475216779.3393620
1475216780.3452480
1475216781.3452491
1475216782.3452480
1475216783.3425661
1475216784.3414318
1475216785.3624622
1475216786.3394961
1475216787.3394130
1475216788.3436002
1475216789.3452495
1475216790.3452485
1475216791.3452480
1475216792.3453023
1475216793.3452478
1475216794.3452460
1475216795.3452477
1475216796.3452482
1475216797.3445280
1475216798.3429392
1475216799.3409691
1475216800.3452490
1475216801.3452484
1475216802.3452490
1475216803.3452476
1475216804.3452477
1475216805.3452464
1475216806.3452484
1475216807.3410618
1475216808.3452500
1475216809.3452490
1475216810.3452496
1475216811.3452500
1475216812.3452505
1475216813.3452498
1475216814.3452487
1475216815.3452478
1475216816.3452475
1475216817.3452480
1475216818.3452505
1475216819.3452502
1475216820.3406848
1475216821.3405370
1475216822.3402751
1475216823.3452485
1475216824.3452838
1475216825.3452487
1475216826.3452473
1475216827.3452469
1475216828.3452506
1475216829.3452503
1475216830.3452491
1475216831.3452487
1475216832.3452514
1475216833.3452475
1475216834.3452491
1475216835.3452485
1475216836.3452489
1475216837.3407190
1475216838.3427153
1475216839.3445146
1475216840.3452495
1475216841.3452483
1475216842.3452476
1475216843.3438948
1475216844.3410711
1475216845.3407765
1475216846.3434323
1475216847.3409020
1475216848.3452491
1475216849.3452658
1475216850.3452478
1475216851.3452493
1475216852.3452481
1475216853.3452484
1475216854.3452476
1475216855.3452669
1475216856.3452506
1475216857.3452490
1475216858.3452489
1475216859.3452497
1475216860.3452648
1475216861.3430504
1475216862.3416365
1475216863.3452475
1475216864.3452504
1475216865.3452461
1475216866.3419301
1475216867.3431735
1475216868.3414765
1475216869.3417111
1475216870.3452479
1475216871.3427787
1475216872.3452470
1475216873.3414958
1475216874.3452474
1475216875.3452501
1475216876.3452666
1475216877.3452510
1475216878.3452482
1475216879.3452489
1475216880.3452497
1475216881.3452477
1475216882.3452644
1475216883.3452474
1475216884.3452547
1475216885.3417763
1475216886.3416428
1475216887.3435942
1475216888.3423853
1475216889.3382903
1475216890.3383631
1475216891.3382396
1475216892.3386441
1475216893.3417115
1475216894.3380760
1475216895.3384359
1475216896.3388334
1475216897.3418786
1475216898.3414622
1475216899.3381194
1475216900.3382505
1475216901.3383966
1475216902.3395850
1475216903.3440421
1475216904.3390154
1475216905.3452477
1475216906.3452666
1475216907.3452548
1475216908.3452965
1475216909.3421629
1475216910.3383945
1475216911.3393070
1475216912.3386997
1475216913.3384626
1475216914.3452485
1475216915.3453077
1475216916.3391654
1475216917.3405900
1475216918.3442198
1475216919.3453371
1475216920.3452493
1475216921.3453329
1475216922.3398251
1475216923.3452626
1475216924.3412537
1475216925.3389820
1475216926.3386731
1475216927.3425122
1475216928.3392007
1475216929.3452651
1475216930.3453591
1475216931.3452940
1475216932.3452677
1475216933.3452475
1475216934.3431295
1475216935.3452483
1475216936.3452478
1475216937.3452488
1475216938.3452464
1475216939.3435373
1475216940.3452408
1475216941.3452470
1475216942.3452467
1475216943.3452466
1475216944.3452485
1475216945.3452563
1475216946.3394810
1475216947.3452479
1475216948.3452478
1475216949.3452480
1475216950.3453309
1475216951.3452492
1475216952.3442151
1475216953.3445132
1475216954.3452468
1475216955.3452475
1475216956.3452465
1475216957.3452477
1475216958.3452479
1475216959.3452470
1475216960.3452472
1475216961.3452463
1475216962.3452479
1475216963.3440616
1475216964.3452474
1475216965.3452510
1475216966.3452469
1475216967.3442925
1475216968.3452505
1475216969.3452471
1475216970.3452490
1475216971.3452479
1475216972.3452474
1475216973.3452476
1475216974.3452475
1475216975.3452493
1475216976.3452666
1475216977.3453795
1475216978.3452456
1475216979.3453372
1475216980.3452491
1475216981.3452655
1475216982.3452470
1475216983.3452469
1475216984.3453886
1475216985.3452751
1475216986.3452476
1475216987.3452489
1475216988.3456255
1475216989.3452483
1475216990.3452462
1475216991.3538178
1475216992.3452484
1475216993.3453631
1475216994.3407087
1475216995.3408700
1475216996.3442138
1475216997.3411003
1475216998.3434100
1475216999.3452530
1475217000.3408964
1475217001.3403742
1475217002.3411775
1475217003.3408083
1475217004.3456191
1475217005.3434730
1475217006.3418766
1475217007.3452471
1475217008.3453011
1475217009.3453648
1475217010.3430409
1475217011.3421513
1475217012.3453548
1475217013.3452495
1475217014.3413143
1475217015.3438221
1475217016.3423521
1475217017.3452479
1475217018.3412247
1475217019.3452480
1475217020.3417492
1475217021.3429529
1475217022.3429489
1475217023.3414970
1475217024.3425617
1475217025.3411466
1475217026.3409678
1475217027.3417940
1475217028.3434587
1475217029.3420077
1475217030.3410596
1475217031.3411000
1475217032.3436261
1475217033.3445975
1475217034.3419387
1475217035.3422828
1475217036.3416045
1475217037.3415355
1475217038.3430060
1475217039.3453642
1475217040.3419965
1475217041.3452497
1475217042.3415573
1475217043.3433544
1475217044.3456205
1475217045.3477168
1475217046.3418034
1475217047.3422969
1475217048.3448078
1475217049.3490848
1475217050.3438702
1475217051.3424764
1475217052.3428175
1475217053.3506770
1475217054.3498210
1475217055.3424019
1475217056.3496507
1475217057.3495853
1475217058.3488017
1475217059.3500977
1475217060.3516974
1475217061.3524558
1475217062.3430648
1475217063.3426701
1475217064.3468542
1475217065.3486879
1475217066.3489123
1475217067.3426233
1475217068.3484495
1475217069.3518996
1475217070.3505991
1475217071.3494994
1475217072.3498316
1475217073.3492754
1475217074.3519319
1475217075.3423547
1475217076.3434601
1475217077.3479512
1475217078.3430948
1475217079.3489403
1475217080.3436785
1475217081.3438028
1475217082.3439903
1475217083.3448284
1475217084.3433319
1475217085.3428385
1475217086.3434105
1475217087.3430439
1475217088.3424505
1475217089.3482993
1475217090.3434206
1475217091.3453544
1475217092.3434284
1475217093.3427178
1475217094.3444319
1475217095.3512112
1475217096.3436919
1475217097.3443215
1475217098.3496546
1475217099.3431412
1475217100.3553519
1475217101.3433355
1475217102.3440570
1475217103.3441156
1475217104.3508667
1475217105.3428297
1475217106.3429900
1475217107.3435151
1475217108.3429056
1475217109.3480454
1475217110.3489039
1475217111.3430572
1475217112.3432593
1475217113.3502269
1475217114.3490328
1475217115.3431975
1475217116.3433340
1475217117.3431222
1475217118.3436646
1475217119.3496827
1475217120.3432926
1475217121.3452372
1475217122.3451022
1475217123.3435042
1475217124.3448670
1475217125.3437722
1475217126.3460029
1475217127.3472271
1475217128.3466420
1475217129.3480806
1475217130.3492977
1475217131.3501641
1475217132.3495579
1475217133.3434880
1475217134.3511390
1475217135.3479991
1475217136.3509290
1475217137.3506856
1475217138.3482788
1475217139.3552497
1475217140.3552468
1475217141.3552474
1475217142.3552628
1475217143.3552493
1475217144.3502057
1475217145.3519381
1475217146.3539665
1475217147.3520367
1475217148.3552455
1475217149.3542112
1475217150.3519753
1475217151.3519883
1475217152.3552484
1475217153.3543024
1475217154.3544863
1475217155.3549788
1475217156.3542104
1475217157.3552522
1475217158.3442141
1475217159.3487808
1475217160.3442895
1475217161.3448499
1475217162.3475676
1475217163.3481127
1475217164.3466733
1475217165.3505912
1475217166.3444060
1475217167.3481840
1475217168.3443353
1475217169.3516305
1475217170.3552501
1475217171.3474289
1475217172.3453988
1475217173.3455481
1475217174.3501712
1475217175.3444761
1475217176.3478221
1475217177.3467440
1475217178.3445299
1475217179.3519932
1475217180.3517945
1475217181.3501391
1475217182.3485327
1475217183.3449610
1475217184.3504407
1475217185.3450161
1475217186.3470136
1475217187.3455791
1475217188.3463781
1475217189.3522527
1475217190.3500106
1475217191.3460081
1475217192.3461794
1475217193.3487925
1475217194.3460910
1475217195.3479625
1475217196.3450824
1475217197.3484446
1475217198.3459413
1475217199.3552604
1475217200.3510457
1475217201.3450507
1475217202.3451167
1475217203.3513913
1475217204.3490872
1475217205.3457344
1475217206.3469789
1475217207.3491653
1475217208.3458786
1475217209.3464801
1475217210.3453965
1475217211.3494416
1475217212.3454115
1475217213.3493050
1475217214.3552624
1475217215.3491497
1475217216.3463492
1475217217.3469971
1475217218.3499049
1475217219.3498737
1475217220.3456835
1475217221.3475069
1475217222.3475831
1475217223.3476456
1475217224.3478317
1475217225.3498913
1475217226.3458427
1475217227.3461224
1475217228.3456809
1475217229.3511558
1475217230.3501042
1475217231.3552519
1475217232.3552478
1475217233.3552470
1475217234.3552479
1475217235.3508067
1475217236.3552496
1475217237.3551084
1475217238.3552505
1475217239.3546816
1475217240.3517048
1475217241.3552465
1475217242.3552480
1475217243.3543191
1475217244.3524479
1475217245.3518111
1475217246.3508953
1475217247.3509068
1475217248.3552524
1475217249.3543535
1475217250.3541644
1475217251.3524766
1475217252.3524358
1475217253.3523909
1475217254.3552502
1475217255.3520584
1475217256.3536636
1475217257.3512555
1475217258.3538581
1475217259.3509245
1475217260.3552512
1475217261.3552531
1475217262.3552477
1475217263.3552504
1475217264.3552478
1475217265.3552479
1475217266.3552488
1475217267.3552470
1475217268.3548390
1475217269.3532593
1475217270.3552475
1475217271.3517458
1475217272.3511588
1475217273.3605865
1475217274.3552490
1475217275.3552479
1475217276.3552496
1475217277.3547229
1475217278.3524492
1475217279.3529593
1475217280.3552480
1475217281.3552491
1475217282.3553317
1475217283.3523940
1475217284.3552476
1475217285.3521511
1475217286.3512939
1475217287.3524121
1475217288.3537317
1475217289.3510996
1475217290.3514089
1475217291.3552472
1475217292.3552471
1475217293.3552472
1475217294.3552500
1475217295.3552488
1475217296.3545048
1475217297.3526493
1475217298.3545453
1475217299.3552465
1475217300.3552484
1475217301.3552493
1475217302.3552503
1475217303.3545918
1475217304.3529020
1475217305.3522717
1475217306.3552472
1475217307.3552486
1475217308.3552480
1475217309.3552478
1475217310.3525018
1475217311.3552472
1475217312.3605880
1475217313.3552470
1475217314.3552468
1475217315.3552469
1475217316.3552476
1475217317.3552498
1475217318.3552494
1475217319.3552498
1475217320.3552470
1475217321.3528004
1475217322.3552479
1475217323.3552492
1475217324.3552478
1475217325.3524677
1475217326.3552476
1475217327.3552494
1475217328.3552475
1475217329.3552473
1475217330.3552463
1475217331.3552462
1475217332.3552471
1475217333.3552481
1475217334.3552488
1475217335.3552473
1475217336.3526222
1475217337.3552469
1475217338.3552612
1475217339.3550198
1475217340.3544601
1475217341.3537240
1475217342.3524213
1475217343.3532656
1475217344.3543295
1475217345.3552476
1475217346.3552470
1475217347.3534783
1475217348.3553092
1475217349.3526255
1475217350.3552491
1475217351.3552501
1475217352.3552489
1475217353.3633834
1475217354.3530218
1475217355.3535919
1475217356.3552477
1475217357.3552483
1475217358.3552470
1475217359.3552456
1475217360.3530860
1475217361.3552462
1475217362.3552474
1475217363.3552462
1475217364.3552493
1475217365.3552480
1475217366.3552482
1475217367.3552490
1475217368.3552490
1475217369.3552489
1475217370.3552484
1475217371.3552476
1475217372.3552464
1475217373.3552475
1475217374.3552502
1475217375.3552480
1475217376.3552672
1475217377.3552487
1475217378.3552508
1475217379.3552484
1475217380.3552478
1475217381.3552472
1475217382.3552489
1475217383.3543900
1475217384.3552497
1475217385.3552483
1475217386.3552473
1475217387.3552510
1475217388.3552478
1475217389.3545247
1475217390.3552455
1475217391.3552477
1475217392.3552597
1475217393.3575627
1475217394.3552559
1475217395.3552487
1475217396.3552553
1475217397.3552483
1475217398.3539031
1475217399.3557567
1475217400.3552492
1475217401.3552500
1475217402.3537155
1475217403.3552499
1475217404.3552498
1475217405.3552486
1475217406.3552471
1475217407.3552464
1475217408.3552478
1475217409.3552485
1475217410.3552471
1475217411.3552503
1475217412.3552471
1475217413.3552479
1475217414.3552673
1475217415.3552468
1475217416.3552489
1475217417.3552481
1475217418.3552468
1475217419.3552476
1475217420.3552487
1475217421.3552504
1475217422.3552511
1475217423.3552467
1475217424.3552476
1475217425.3552479
1475217426.3552487
1475217427.3552471
1475217428.3552497
1475217429.3552492
1475217430.3552688
1475217431.3552507
1475217432.3552461
1475217433.3552660
1475217434.3552475
1475217435.3552472
1475217436.3552654
1475217437.3595682
1475217438.3552629
1475217439.3574677
1475217440.3552484
1475217441.3552477
1475217442.3552479
1475217443.3552481
1475217444.3552494
1475217445.3552491
1475217446.3552497
1475217447.3552754
1475217448.3552488
1475217449.3552492
1475217450.3552558
1475217451.3552614
1475217452.3552471
1475217453.3552488
1475217454.3552474
1475217455.3552486
1475217456.3552464
1475217457.3552487
1475217458.3552492
1475217459.3552501
1475217460.3552662
1475217461.3552491
1475217462.3552489
1475217463.3552660
1475217464.3552481
1475217465.3552464
1475217466.3552469
1475217467.3552475
1475217468.3552501
1475217469.3583870
1475217470.3574912
1475217471.3575296
1475217472.3599163
1475217473.3612818
1475217474.3589800
1475217475.3573034
1475217476.3581443
1475217477.3609199
1475217478.3598616
1475217479.3615654
1475217480.3603256
1475217481.3590594
1475217482.3620707
1475217483.3595083
1475217484.3606158
1475217485.3652784
1475217486.3593523
1475217487.3593692
1475217488.3595185
1475217489.3586336
1475217490.3574244
1475217491.3572906
1475217492.3652964
1475217493.3594418
1475217494.3583275
1475217495.3595117
1475217496.3595365
1475217497.3593337
1475217498.3598064
1475217499.3573371
1475217500.3575295
1475217501.3565835
1475217502.3583291
1475217503.3576359
1475217504.3587732
1475217505.3592288
1475217506.3573386
1475217507.3592616
1475217508.3652945
1475217509.3574224
1475217510.3652797
1475217511.3594347
1475217512.3652776
1475217513.3652801
1475217514.3587722
1475217515.3611306
1475217516.3607117
1475217517.3582943
1475217518.3603467
1475217519.3574408
1475217520.3591156
1475217521.3593692
1475217522.3596441
1475217523.3599414
1475217524.3599440
1475217525.3572424
1475217526.3572456
1475217527.3597677
1475217528.3573409
1475217529.3586640
1475217530.3592199
1475217531.3593855
1475217532.3598000
1475217533.3574365
1475217534.3599885
1475217535.3582963
1475217536.3573962
1475217537.3573332
1475217538.3652774
1475217539.3591621
1475217540.3594987
1475217541.3594075
1475217542.3652791
1475217543.3574395
1475217544.3595176
1475217545.3591623
1475217546.3596711
1475217547.3573397
1475217548.3582859
1475217549.3576338
1475217550.3628574
1475217551.3650440
1475217552.3573330
1475217553.3573668
1475217554.3641725
1475217555.3588839
1475217556.3603340
1475217557.3610583
1475217558.3583935
1475217559.3576252
1475217560.3595448
1475217561.3594337
1475217562.3583827
1475217563.3593033
1475217564.3599661
1475217565.3588038
1475217566.3592102
1475217567.3652773
1475217568.3652790
1475217569.3591867
1475217570.3606688
1475217571.3599176
1475217572.3652792
1475217573.3591594
1475217574.3591023
1475217575.3594345
1475217576.3652795
1475217577.3652526
1475217578.3653802
1475217579.3600412
1475217580.3652578
1475217581.3585632
1475217582.3598145
1475217583.3638108
1475217584.3652482
1475217585.3653940
1475217586.3652494
1475217587.3585231
1475217588.3653811
1475217589.3598153
1475217590.3615558
1475217591.3612656
1475217592.3652522
1475217593.3602980
1475217594.3652507
1475217595.3591677
1475217596.3606452
1475217597.3633255
1475217598.3545909
1475217599.3556201
1475217600.3557880
1475217601.3547116
1475217602.3544934
1475217603.3615934
1475217604.3612822
1475217605.3602974
1475217606.3598444
1475217607.3574573
1475217608.3558651
1475217609.3622522
1475217610.3553433
1475217611.3554186
1475217612.3556292
1475217613.3558195
1475217614.3602404
1475217615.3560615
1475217616.3556356
1475217617.3556786
1475217618.3563856
1475217619.3633541
1475217620.3592874
1475217621.3549222
1475217622.3567278
1475217623.3557706
1475217624.3588878
1475217625.3557319
1475217626.3579985
1475217627.3560304
1475217628.3565505
1475217629.3614798
1475217630.3557155
1475217631.3569586
1475217632.3554623
1475217633.3591076
1475217634.3555002
1475217635.3558493
1475217636.3554364
1475217637.3574696
1475217638.3558129
1475217639.3601445
1475217640.3608359
1475217641.3652493
1475217642.3616475
1475217643.3594204
1475217644.3609075
1475217645.3594394
1475217646.3558141
1475217647.3562676
1475217648.3570472
1475217649.3653658
1475217650.3614531
1475217651.3556378
1475217652.3586302
1475217653.3573675
1475217654.3581971
1475217655.3597078
1475217656.3602388
1475217657.3585612
1475217658.3579592
1475217659.3626288
1475217660.3652505
1475217661.3567416
1475217662.3577891
1475217663.3564827
1475217664.3620540
1475217665.3561517
1475217666.3571074
1475217667.3560008
1475217668.3564409
1475217669.3603471
1475217670.3589798
1475217671.3567931
1475217672.3561221
1475217673.3585445
1475217674.3631312
1475217675.3616430
1475217676.3570772
1475217677.3579155
1475217678.3563303
1475217679.3624302
1475217680.3622202
1475217681.3614055
1475217682.3587873
1475217683.3638635
1475217684.3583733
1475217685.3576438
1475217686.3633828
1475217687.3604340
1475217688.3591671
1475217689.3569678
1475217690.3610652
1475217691.3609546
1475217692.3630181
1475217693.3570398
1475217694.3579946
1475217695.3581650
1475217696.3578225
1475217697.3567505
1475217698.3652490
1475217699.3652493
1475217700.3572828
1475217701.3590945
1475217702.3575670
1475217703.3568372
1475217704.3618929
1475217705.3582254
1475217706.3572736
1475217707.3573972
1475217708.3653610
1475217709.3652490
1475217710.3575693
1475217711.3570196
1475217712.3652515
1475217713.3652479
1475217714.3574132
1475217715.3579125
1475217716.3612193
1475217717.3583551
1475217718.3611642
1475217719.3652476
1475217720.3634948
1475217721.3575020
1475217722.3576647
1475217723.3653634
1475217724.3575474
1475217725.3574045
1475217726.3653625
1475217727.3575689
1475217728.3633100
1475217729.3625841
1475217730.3575298
1475217731.3586752
1475217732.3583451
1475217733.3590170
1475217734.3656198
1475217735.3615288
1475217736.3583540
1475217737.3656234
1475217738.3624512
1475217739.3643022
1475217740.3652493
1475217741.3616292
1475217742.3579369
1475217743.3617457
1475217744.3623969
1475217745.3585055
1475217746.3598079
1475217747.3613485
1475217748.3652477
1475217749.3653538
1475217750.3652585
1475217751.3653317
1475217752.3632437
1475217753.3585795
1475217754.3581195
1475217755.3592142
1475217756.3688523
1475217757.3582658
1475217758.3653561
1475217759.3652468
1475217760.3584200
1475217761.3589211
1475217762.3612984
1475217763.3653630
1475217764.3590057
1475217765.3603676
1475217766.3622740
1475217767.3611578
1475217768.3639033
1475217769.3644128
1475217770.3587569
1475217771.3608595
1475217772.3604857
1475217773.3652476
1475217774.3653934
1475217775.3585246
1475217776.3593789
1475217777.3596908
1475217778.3595878
1475217779.3689148
1475217780.3652490
1475217781.3591637
1475217782.3626601
1475217783.3653904
1475217784.3595507
1475217785.3652500
1475217786.3636050
1475217787.3591420
1475217788.3670466
1475217789.3652485
1475217790.3599688
1475217791.3589081
1475217792.3605860
1475217793.3652588
1475217794.3589964
1475217795.3652472
1475217796.3597400
1475217797.3592609
1475217798.3597967
1475217799.3636774
1475217800.3641940
1475217801.3630598
1475217802.3626615
1475217803.3633268
1475217804.3652493
1475217805.3656180
1475217806.3606141
1475217807.3616344
1475217808.3656412
1475217809.3652548
1475217810.3652848
1475217811.3596869
1475217812.3652662
1475217813.3653338
1475217814.3607630
1475217815.3605364
1475217816.3643259
1475217817.3652477
1475217818.3652868
1475217819.3653351
1475217820.3615342
1475217821.3596045
1475217822.3622908
1475217823.3653541
1475217824.3597577
1475217825.3653336
1475217826.3611014
1475217827.3652477
1475217828.3605310
1475217829.3652485
1475217830.3619326
1475217831.3652545
1475217832.3644647
1475217833.3652567
1475217834.3649271
1475217835.3638124
1475217836.3636292
1475217837.3601998
1475217838.3602717
1475217839.3656234
1475217840.3609571
1475217841.3620713
1475217842.3604398
1475217843.3652528
1475217844.3698558
1475217845.3605940
1475217846.3652476
1475217847.3652552
1475217848.3646063
1475217849.3652476
1475217850.3652671
1475217851.3652491
1475217852.3611234
1475217853.3652476
1475217854.3652481
1475217855.3652484
1475217856.3653389
1475217857.3608996
1475217858.3656247
1475217859.3622308
1475217860.3610740
1475217861.3621524
1475217862.3652495
1475217863.3652476
1475217864.3647490
1475217865.3688445
1475217866.3609942
1475217867.3645056
1475217868.3652661
1475217869.3653094
1475217870.3611682
1475217871.3632621
1475217872.3613385
1475217873.3653282
1475217874.3609855
1475217875.3653588
1475217876.3652494
1475217877.3648840
1475217878.3653575
1475217879.3652483
1475217880.3649654
1475217881.3652771
1475217882.3652913
1475217883.3652786
1475217884.3652780
1475217885.3652764
1475217886.3652776
1475217887.3652762
1475217888.3652877
1475217889.3652756
1475217890.3652764
1475217891.3652717
1475217892.3652768
1475217893.3652782
1475217894.3652802
1475217895.3652784
1475217896.3733695
1475217897.3720047
1475217898.3723577
1475217899.3721791
1475217900.3721008
1475217901.3752821
1475217902.3752491
1475217903.3748659
1475217904.3722336
1475217905.3711144
1475217906.3703179
1475217907.3699860
1475217908.3660775
1475217909.3747323
1475217910.3720743
1475217911.3731966
1475217912.3730245
1475217913.3724666
1475217914.3744532
1475217915.3742951
1475217916.3727017
1475217917.3706865
1475217918.3703022
1475217919.3731958
1475217920.3752506
1475217921.3752502
1475217922.3676740
1475217923.3678013
1475217924.3669371
1475217925.3670508
1475217926.3672062
1475217927.3752488
1475217928.3752488
1475217929.3752541
1475217930.3697641
1475217931.3662305
1475217932.3735246
1475217933.3752511
1475217934.3664147
1475217935.3745710
1475217936.3752500
1475217937.3663672
1475217938.3751010
1475217939.3678829
1475217940.3690716
1475217941.3719948
1475217942.3752507
1475217943.3752479
1475217944.3751030
1475217945.3727239
1475217946.3718064
1475217947.3724720
1475217948.3725376
1475217949.3719457
1475217950.3714944
1475217951.3719410
1475217952.3720413
1475217953.3728308
1475217954.3721592
1475217955.3723123
1475217956.3720499
1475217957.3752495
1475217958.3723391
1475217959.3712390
1475217960.3699643
1475217961.3724257
1475217962.3719376
1475217963.3722278
1475217964.3715853
1475217965.3688179
1475217966.3752484
1475217967.3752482
1475217968.3725547
1475217969.3717604
1475217970.3725828
1475217971.3711926
1475217972.3752480
1475217973.3732413
1475217974.3681408
1475217975.3674361
1475217976.3694816
1475217977.3713020
1475217978.3731488
1475217979.3679862
1475217980.3676687
1475217981.3752494
1475217982.3729565
1475217983.3752483
1475217984.3752469
1475217985.3702476
1475217986.3717127
1475217987.3752466
1475217988.3749485
1475217989.3748984
1475217990.3748304
1475217991.3746355
1475217992.3752481
1475217993.3752490
1475217994.3752493
1475217995.3752462
1475217996.3685971
1475217997.3752478
1475217998.3681584
1475217999.3752471
1475218000.3752517
1475218001.3675917
1475218002.3689689
1475218003.3656737
1475218004.3677839
1475218005.3642325
1475218006.3661490
1475218007.3711163
1475218008.3679288
1475218009.3645284
1475218010.3642597
1475218011.3650975
1475218012.3716410
1475218013.3703110
1475218014.3718649
1475218015.3680796
1475218016.3680063
1475218017.3657744
1475218018.3661123
1475218019.3677805
1475218020.3683222
1475218021.3698482
1475218022.3729176
1475218023.3648298
1475218024.3643652
1475218025.3646068
1475218026.3683640
1475218027.3724095
1475218028.3647170
1475218029.3649596
1475218030.3648006
1475218031.3650620
1475218032.3725058
1475218033.3685016
1475218034.3735328
1475218035.3716925
1475218036.3685556
1475218037.3691751
1475218038.3650484
1475218039.3693073
1475218040.3686740
1475218041.3650952
1475218042.3650867
1475218043.3662022
1475218044.3700878
1475218045.3649560
1475218046.3653982
1475218047.3710857
1475218048.3662234
1475218049.3688031
1475218050.3653846
1475218051.3650312
1475218052.3718504
1475218053.3652129
1475218054.3734930
1475218055.3752494
1475218056.3662011
1475218057.3691087
1475218058.3690414
1475218059.3714089
1475218060.3722154
1475218061.3752484
1475218062.3657840
1475218063.3654474
1475218064.3723024
1475218065.3721266
1475218066.3720682
1475218067.3752519
1475218068.3682639
1475218069.3684652
1475218070.3666088
1475218071.3668668
1475218072.3721125
1475218073.3713341
1475218074.3660935
1475218075.3656414
1475218076.3655775
1475218077.3701252
1475218078.3752543
1475218079.3706699
1475218080.3696191
1475218081.3665756
1475218082.3709072
1475218083.3663300
1475218084.3719339
1475218085.3659069
1475218086.3662470
1475218087.3717995
1475218088.3673350
1475218089.3664821
1475218090.3689237
1475218091.3675915
1475218092.3722006
1475218093.3703713
1475218094.3855061
1475218095.3684401
1475218096.3675440
1475218097.3702979
1475218098.3704288
1475218099.3665953
1475218100.3669545
1475218101.3663459
1475218102.3671703
1475218103.3752572
1475218104.3731190
1475218105.3706922
1475218106.3706931
1475218107.3703699
1475218108.3675453
1475218109.3667193
1475218110.3673917
1475218111.3702915
1475218112.3723791
1475218113.3746647
1475218114.3690937
1475218115.3703025
1475218116.3719232
1475218117.3712095
1475218118.3673581
1475218119.3668390
1475218120.3695484
1475218121.3721673
1475218122.3755062
1475218123.3706076
1475218124.3712941
1475218125.3720617
1475218126.3714587
1475218127.3753334
1475218128.3690083
1475218129.3673428
1475218130.3688048
1475218131.3673913
1475218132.3753837
1475218133.3675150
1475218134.3800531
1475218135.3753607
1475218136.3708983
1475218137.3752505
1475218138.3679524
1475218139.3709865
1475218140.3690451
1475218141.3682635
1475218142.3752465
1475218143.3679677
1475218144.3731517
1475218145.3719834
1475218146.3714202
1475218147.3752657
1475218148.3727236
1475218149.3692488
1475218150.3673204
1475218151.3684788
1475218152.3724973
1475218153.3728632
1475218154.3714373
1475218155.3722683
1475218156.3732331
1475218157.3713786
1475218158.3752547
1475218159.3686826
1475218160.3686634
1475218161.3712555
1475218162.3730526
1475218163.3718109
1475218164.3718756
1475218165.3752506
1475218166.3722225
1475218167.3722862
1475218168.3719772
1475218169.3720841
1475218170.3771032
1475218171.3717199
1475218172.3753653
1475218173.3717426
1475218174.3680037
1475218175.3728692
1475218176.3690891
1475218177.3702516
1475218178.3752478
1475218179.3755534
1475218180.3737957
1475218181.3752494
1475218182.3680950
1475218183.3685733
1475218184.3690651
1475218185.3692098
1475218186.3722575
1475218187.3732410
1475218188.3705825
1475218189.3690625
1475218190.3752464
1475218191.3752473
1475218192.3752478
1475218193.3805156
1475218194.3752477
1475218195.3752461
1475218196.3752462
1475218197.3752473
1475218198.3752498
1475218199.3752478
1475218200.3752488
1475218201.3752468
1475218202.3752480
1475218203.3752487
1475218204.3752466
1475218205.3752483
1475218206.3853311
1475218207.3737129
1475218208.3731278
1475218209.3808852
1475218210.3752471
1475218211.3752486
1475218212.3727027
1475218213.3747893
1475218214.3739631
1475218215.3734001
1475218216.3755436
1475218217.3755384
1475218218.3752478
1475218219.3752480
1475218220.3752668
1475218221.3788805
1475218222.3752491
1475218223.3752490
1475218224.3752480
1475218225.3752488
1475218226.3752665
1475218227.3753695
1475218228.3752493
1475218229.3752497
1475218230.3752459
1475218231.3707575
1475218232.3752482
1475218233.3752494
1475218234.3752486
1475218235.3752492
1475218236.3752476
1475218237.3752483
1475218238.3752477
1475218239.3752484
1475218240.3752467
1475218241.3752474
1475218242.3752483
1475218243.3752470
1475218244.3752480
1475218245.3752489
1475218246.3752477
1475218247.3752597
1475218248.3752485
1475218249.3752474
1475218250.3752573
1475218251.3805033
1475218252.3752493
1475218253.3752672
1475218254.3752484
1475218255.3752473
1475218256.3752470
1475218257.3752482
1475218258.3752477
1475218259.3752486
1475218260.3752475
1475218261.3752505
1475218262.3752494
1475218263.3752493
1475218264.3774930
1475218265.3752511
1475218266.3752476
1475218267.3752471
1475218268.3752466
1475218269.3752489
1475218270.3752489
1475218271.3752494
1475218272.3752478
1475218273.3752469
1475218274.3752581
1475218275.3752489
1475218276.3752485
1475218277.3807952
1475218278.3752495
1475218279.3752482
1475218280.3752487
1475218281.3752499
1475218282.3752480
1475218283.3752479
1475218284.3752483
1475218285.3752482
1475218286.3752507
1475218287.3752490
1475218288.3747847
1475218289.3752467
1475218290.3830183
1475218291.3752481
1475218292.3752471
1475218293.3752471
1475218294.3752470
1475218295.3843159
1475218296.3752480
1475218297.3752482
1475218298.3752480
1475218299.3752474
1475218300.3752489
1475218301.3806642
1475218302.3788956
1475218303.3752463
1475218304.3828152
1475218305.3754831
1475218306.3776142
1475218307.3752482
1475218308.3753743
1475218309.3752462
1475218310.3826456
1475218311.3752471
1475218312.3752449
1475218313.3852507
1475218314.3752498
1475218315.3752471
1475218316.3752487
1475218317.3752496
1475218318.3752477
1475218319.3752463
1475218320.3752509
1475218321.3776681
1475218322.3752566
1475218323.3804604
1475218324.3775923
1475218325.3806376
1475218326.3796474
1475218327.3799176
1475218328.3772537
1475218329.3852511
1475218330.3776333
1475218331.3798966
1475218332.3787310
1475218333.3795570
1475218334.3795983
1475218335.3796939
1475218336.3778634
1475218337.3775198
1475218338.3775994
1475218339.3795413
1475218340.3798747
1475218341.3796038
1475218342.3775107
1475218343.3806778
1475218344.3774517
1475218345.3776268
1475218346.3775030
1475218347.3775431
1475218348.3790797
1475218349.3795619
1475218350.3791798
1475218351.3775137
1475218352.3775443
1475218353.3767480
1475218354.3787964
1475218355.3785799
1475218356.3807751
1475218357.3777544
1475218358.3815540
1475218359.3829618
1475218360.3815396
1475218361.3804597
1475218362.3852550
1475218363.3765720
1475218364.3789539
1475218365.3804694
1475218366.3852591
1475218367.3786903
1475218368.3804184
1475218369.3773374
1475218370.3812060
1475218371.3726902
1475218372.3725651
1475218373.3725603
1475218374.3781261
1475218375.3805803
1475218376.3748591
1475218377.3782706
1475218378.3819453
1475218379.3803044
1475218380.3852484
1475218381.3729675
1475218382.3762696
1475218383.3779754
1475218384.3767506
1475218385.3763395
1475218386.3741216
1475218387.3747145
1475218388.3801537
1475218389.3776892
1475218390.3742684
1475218391.3737677
1475218392.3813121
1475218393.3847088
1475218394.3749820
1475218395.3733477
1475218396.3732663
1475218397.3734250
1475218398.3739513
1475218399.3799064
1475218400.3813411
1475218401.3780665
1475218402.3738225
1475218403.3792776
1475218404.3753646
1475218405.3736910
1475218406.3755598
1475218407.3735664
1475218408.3772318
1475218409.3773225
1475218410.3738914
1475218411.3773403
1475218412.3735177
1475218413.3817780
1475218414.3852486
1475218415.3739479
1475218416.3743418
1475218417.3783415
1475218418.3809713
1475218419.3740331
1475218420.3756173
1475218421.3776064
1475218422.3784950
1475218423.3828807
1475218424.3790620
1475218425.3852484
1475218426.3853584
1475218427.3741319
1475218428.3745536
1475218429.3738829
1475218430.3741409
1475218431.3777565
1475218432.3781195
1475218433.3749680
1475218434.3777512
1475218435.3771544
1475218436.3783592
1475218437.3746310
1475218438.3757612
1475218439.3782538
1475218440.3765076
1475218441.3782723
1475218442.3759195
1475218443.3748061
1475218444.3780848
1475218445.3763942
1475218446.3771553
1475218447.3759000
1475218448.3810845
1475218449.3756438
1475218450.3768939
1475218451.3787268
1475218452.3786430
1475218453.3745417
1475218454.3771845
1475218455.3814242
1475218456.3782204
1475218457.3766207
1475218458.3784606
1475218459.3757849
1475218460.3765008
1475218461.3789770
1475218462.3792489
1475218463.3786663
1475218464.3762945
1475218465.3776510
1475218466.3787159
1475218467.3782152
1475218468.3852482
1475218469.3753979
1475218470.3755340
1475218471.3771095
1475218472.3759790
1475218473.3759268
1475218474.3852472
1475218475.3793612
1475218476.3749745
1475218477.3757204
1475218478.3853644
1475218479.3756853
1475218480.3774124
1475218481.3852544
1475218482.3750974
1475218483.3811132
1475218484.3756161
1475218485.3756062
1475218486.3761014
1475218487.3773266
1475218488.3842449
1475218489.3770867
1475218490.3852586
1475218491.3852496
1475218492.3852500
1475218493.3819640
1475218494.3853309
1475218495.3853326
1475218496.3827514
1475218497.3852484
1475218498.3840535
1475218499.3852469
1475218500.3852803
1475218501.3806126
1475218502.3796570
1475218503.3829882
1475218504.3852110
1475218505.3852486
