1471694710.972364
1471694710.1172889
1471694710.1371752
1471694710.1572423
1471694710.1773222
1471694710.1985837
1471694710.2187351
1471694710.2371723
1471694710.2572718
1471694710.2772339
1471694710.2972804
1471694710.3173221
1471694710.3372735
1471694710.3572686
1471694710.3772647
1471694710.3973122
1471694710.4172613
1471694710.4373260
1471694710.4572567
1471694710.4771489
1471694710.4972155
1471694710.5172569
1471694710.5371702
1471694710.5571769
1471694710.5771924
1471694710.5973229
1471694710.6172937
1471694710.6373489
1471694710.6571691
1471694710.6772898
1471694710.6972660
1471694710.7172583
1471694710.7386106
1471694710.7589721
1471694710.7785863
1471694710.7971776
1471694710.8173806
1471694710.8372312
1471694710.8572314
1471694710.8772636
1471694710.8972335
1471694710.9173101
1471694710.9372455
1471694710.9573368
1471694710.9772619
1471694710.9973658
1471694711.186263
1471694711.385920
1471694711.587427
1471694711.771854
1471694711.972616
1471694711.1172527
1471694711.1373005
1471694711.1572548
1471694711.1772698
1471694711.1973325
1471694711.2172382
1471694711.2372923
1471694711.2572243
1471694711.2773489
1471694711.2973725
1471694711.3172542
1471694711.3373000
1471694711.3572117
1471694711.3773092
1471694711.3973843
1471694711.4172582
1471694711.4373317
1471694711.4573814
1471694711.4773474
1471694711.4972579
1471694711.5172245
1471694711.5372452
1471694711.5572835
1471694711.5773858
1471694711.5972285
1471694711.6172922
1471694711.6372714
1471694711.6573512
1471694711.6773300
1471694711.6986558
1471694711.7173106
1471694711.7372914
1471694711.7572785
1471694711.7772379
1471694711.7972868
1471694711.8173155
1471694711.8373934
1471694711.8585891
1471694711.8772725
1471694711.8972943
1471694711.9172176
1471694711.9373699
1471694711.9572969
1471694711.9773602
1471694711.9973281
1471694712.185774
1471694712.373952
1471694712.573087
1471694712.773416
1471694712.974229
1471694712.1173130
1471694712.1373854
1471694712.1573093
1471694712.1772280
1471694712.1974264
1471694712.2174268
1471694712.2372958
1471694712.2573827
1471694712.2772319
1471694712.2973318
1471694712.3173084
1471694712.3374110
1471694712.3573524
1471694712.3774565
1471694712.3973702
1471694712.4172794
1471694712.4373265
1471694712.4574276
1471694712.4773640
1471694712.4974432
1471694712.5174181
1471694712.5373596
1471694712.5574530
1471694712.5785894
1471694712.5972885
1471694712.6186351
1471694712.6374114
1471694712.6572999
1471694712.6773633
1471694712.6985884
1471694712.7173919
1471694712.7373364
1471694712.7574070
1471694712.7772866
1471694712.7972798
1471694712.8173910
1471694712.8372800
1471694712.8572751
1471694712.8772790
1471694712.8973039
1471694712.9174626
1471694712.9373611
1471694712.9573695
1471694712.9774071
1471694712.9973142
1471694713.173720
1471694713.374831
1471694713.572900
1471694713.773937
1471694713.973752
1471694713.1173915
1471694713.1373579
1471694713.1573848
1471694713.1773888
1471694713.1973929
1471694713.2174171
1471694713.2373991
1471694713.2574284
1471694713.2773301
1471694713.2974585
1471694713.3173691
1471694713.3373312
1471694713.3573513
1471694713.3772992
1471694713.3973181
1471694713.4174055
1471694713.4373883
1471694713.4586406
1471694713.4773981
1471694713.4973797
1471694713.5174667
1471694713.5373921
1471694713.5573217
1471694713.5773071
1471694713.5973394
1471694713.6173949
1471694713.6373451
1471694713.6574091
1471694713.6774237
1471694713.6974257
1471694713.7174162
1471694713.7375047
1471694713.7574372
1471694713.7773998
1471694713.7974092
1471694713.8174497
1471694713.8373812
1471694713.8574619
1471694713.8774694
1471694713.8973990
1471694713.9175128
1471694713.9374376
1471694713.9574937
1471694713.9773271
1471694713.9976105
1471694714.175107
1471694714.374414
1471694714.574463
1471694714.774451
1471694714.974616
1471694714.1173919
1471694714.1373542
1471694714.1574010
1471694714.1774515
1471694714.1986014
1471694714.2173820
1471694714.2374088
1471694714.2574560
1471694714.2774262
1471694714.2975313
1471694714.3175414
1471694714.3373425
1471694714.3573562
1471694714.3773834
1471694714.3974270
1471694714.4174267
1471694714.4385856
1471694714.4575359
1471694714.4774541
1471694714.4975361
1471694714.5174779
1471694714.5374897
1471694714.5574073
1471694714.5774863
1471694714.5975080
1471694714.6174946
1471694714.6374941
1471694714.6585719
1471694714.6774344
1471694714.6973996
1471694714.7173685
1471694714.7385820
1471694714.7575448
1471694714.7773655
1471694714.7974227
1471694714.8175833
1471694714.8375097
1471694714.8574990
1471694714.8773961
1471694714.8974736
1471694714.9186060
1471694714.9373946
1471694714.9574170
1471694714.9773869
1471694714.9975690
1471694715.186404
1471694715.374357
1471694715.574545
1471694715.774274
1471694715.975610
1471694715.1175751
1471694715.1375723
1471694715.1574779
1471694715.1775105
1471694715.1975023
1471694715.2174797
1471694715.2374672
1471694715.2574863
1471694715.2785736
1471694715.2974521
1471694715.3175089
1471694715.3374260
1471694715.3585725
1471694715.3774273
1471694715.3974154
1471694715.4176003
1471694715.4375094
1471694715.4574935
1471694715.4775170
1471694715.4974674
1471694715.5175042
1471694715.5375994
1471694715.5574957
1471694715.5776091
1471694715.5975408
1471694715.6174713
1471694715.6374849
1471694715.6575622
1471694715.6774386
1471694715.6987794
1471694715.7174921
1471694715.7374632
1471694715.7575270
1471694715.7775589
1471694715.7975390
1471694715.8175163
1471694715.8374295
1471694715.8575448
1471694715.8776228
1471694715.8975886
1471694715.9176188
1471694715.9374513
1471694715.9574369
1471694715.9775345
1471694715.9974651
1471694716.175839
1471694716.375892
1471694716.575454
1471694716.774636
1471694716.974685
1471694716.1185883
1471694716.1375455
1471694716.1574919
1471694716.1774663
1471694716.1974928
1471694716.2176174
1471694716.2375274
1471694716.2575548
1471694716.2776147
1471694716.2974496
1471694716.3175193
1471694716.3375142
1471694716.3575645
1471694716.3775384
1471694716.3975769
1471694716.4175321
1471694716.4376344
1471694716.4576323
1471694716.4775352
1471694716.4975707
1471694716.5174747
1471694716.5376656
1471694716.5576355
1471694716.5786762
1471694716.5976094
1471694716.6187405
1471694716.6376099
1471694716.6576738
1471694716.6775644
1471694716.6976125
1471694716.7176145
1471694716.7375788
1471694716.7575774
1471694716.7775946
1471694716.7975941
1471694716.8175896
1471694716.8375578
1471694716.8576035
1471694716.8776092
1471694716.8975866
1471694716.9176369
1471694716.9375875
1471694716.9575477
1471694716.9775388
1471694716.9976244
1471694717.176730
1471694717.374988
1471694717.581432
1471694717.775877
1471694717.976327
1471694717.1176537
1471694717.1375870
1471694717.1575235
1471694717.1775316
1471694717.1975131
1471694717.2175357
1471694717.2376920
1471694717.2576650
1471694717.2776088
1471694717.2975272
1471694717.3185877
1471694717.3386506
1471694717.3576233
1471694717.3776503
1471694717.3976968
1471694717.4176459
1471694717.4385820
1471694717.4576188
1471694717.4775410
1471694717.4976705
1471694717.5175699
1471694717.5376211
1471694717.5585812
1471694717.5776207
1471694717.5975772
1471694717.6176569
1471694717.6376396
1471694717.6575470
1471694717.6776453
1471694717.6976146
1471694717.7177046
1471694717.7377167
1471694717.7576041
1471694717.7776452
1471694717.7977043
1471694717.8176592
1471694717.8376135
1471694717.8575540
1471694717.8777163
1471694717.8977260
1471694717.9185847
1471694717.9375562
1471694717.9576718
1471694717.9776364
1471694717.9976646
1471694718.176755
1471694718.375979
1471694718.576533
1471694718.776789
1471694718.976375
1471694718.1188007
1471694718.1376336
1471694718.1576910
1471694718.1777148
1471694718.1976581
1471694718.2176132
1471694718.2376108
1471694718.2575994
1471694718.2776135
1471694718.2976308
1471694718.3176373
1471694718.3376911
1471694718.3576152
1471694718.3775566
1471694718.3977127
1471694718.4177416
1471694718.4377247
1471694718.4577504
1471694718.4775629
1471694718.4976470
1471694718.5175993
1471694718.5376886
1471694718.5576397
1471694718.5777197
1471694718.5976686
1471694718.6177110
1471694718.6375726
1471694718.6577346
1471694718.6777075
1471694718.6976703
1471694718.7176761
1471694718.7376665
1471694718.7576424
1471694718.7777289
1471694718.7976743
1471694718.8176435
1471694718.8377616
1471694718.8577302
1471694718.8777544
1471694718.8978077
1471694718.9177004
1471694718.9376952
1471694718.9586616
1471694718.9785833
1471694718.9975962
1471694719.186896
1471694719.377100
1471694719.577136
1471694719.776293
1471694719.976658
1471694719.1185955
1471694719.1377091
1471694719.1576229
1471694719.1776545
1471694719.1977697
1471694719.2177626
1471694719.2385827
1471694719.2587043
1471694719.2985787
1471694719.3187018
1471694719.3378147
1471694719.3577658
1471694719.3777072
1471694719.3977528
1471694719.4177581
1471694719.4377956
1471694719.4576836
1471694719.4777195
1471694719.4977972
1471694719.5177442
1471694719.5376859
1471694719.5576895
1471694719.5777653
1471694719.5977359
1471694719.6176986
1471694719.6376426
1471694719.6577306
1471694719.6777263
1471694719.6976276
1471694719.7176475
1471694719.7378028
1471694719.7576900
1471694719.7777414
1471694719.7978020
1471694719.8177200
1471694719.8377071
1471694719.8587090
1471694719.8777145
1471694719.8985830
1471694719.9178085
1471694719.9385845
1471694719.9585813
1471694719.9786974
1471694719.9977426
1471694720.177686
1471694720.376856
1471694720.577881
1471694720.777153
1471694720.977392
1471694720.1176436
1471694720.1378082
1471694720.1576559
1471694720.1777487
1471694720.1976892
1471694720.2177950
1471694720.2377217
1471694720.2577095
1471694720.2777911
1471694720.2977571
1471694720.3177626
1471694720.3377548
1471694720.3577542
1471694720.3778319
1471694720.3978255
1471694720.4176950
1471694720.4378057
1471694720.4587035
1471694720.4777931
1471694720.4977432
1471694720.5176778
1471694720.5377477
1471694720.5577881
1471694720.5778063
1471694720.5977630
1471694720.6178267
1471694720.6378025
1471694720.6577826
1471694720.6777718
1471694720.6977684
1471694720.7177686
1471694720.7378022
1471694720.7578681
1471694720.7778475
1471694720.7977893
1471694720.8177624
1471694720.8377322
1471694720.8578081
1471694720.8786736
1471694720.8977699
1471694720.9178208
1471694720.9378450
1471694720.9578311
1471694720.9778465
1471694720.9977473
1471694721.177175
1471694721.377008
1471694721.577819
1471694721.778508
1471694721.977194
1471694721.1177109
1471694721.1378154
1471694721.1577637
1471694721.1777963
1471694721.1978342
1471694721.2178899
1471694721.2378147
1471694721.2577970
1471694721.2777894
1471694721.2978673
1471694721.3178037
1471694721.3377965
1471694721.3577852
1471694721.3779034
1471694721.3977996
1471694721.4177232
1471694721.4378082
1471694721.4577964
1471694721.4777498
1471694721.4979017
1471694721.5177392
1471694721.5378232
1471694721.5578095
1471694721.5778362
1471694721.5977999
1471694721.6178342
1471694721.6377573
1471694721.6577280
1471694721.6785846
1471694721.6985847
1471694721.7187143
1471694721.7378080
1471694721.7578014
1471694721.7778799
1471694721.7978336
1471694721.8179024
1471694721.8378447
1471694721.8579194
1471694721.8779203
1471694721.8986855
1471694721.9178385
1471694721.9378969
1471694721.9578502
1471694721.9778742
1471694721.9978572
1471694722.178576
1471694722.378536
1471694722.577612
1471694722.777674
1471694722.985824
1471694722.1178627
1471694722.1378748
1471694722.1578318
1471694722.1777638
1471694722.1978116
1471694722.2178877
1471694722.2377619
1471694722.2578911
1471694722.2779292
1471694722.2978666
1471694722.3177559
1471694722.3377675
1471694722.3577560
1471694722.3779346
1471694722.3978533
1471694722.4178947
1471694722.4377653
1471694722.4578884
1471694722.4778917
1471694722.4977566
1471694722.5179573
1471694722.5379637
1471694722.5579123
1471694722.5778362
1471694722.5977600
1471694722.6178266
1471694722.6377770
1471694722.6578504
1471694722.6777637
1471694722.6985805
1471694722.7178532
1471694722.7378633
1471694722.7578398
1471694722.7779295
1471694722.7978597
1471694722.8179230
1471694722.8379657
1471694722.8578842
1471694722.8778567
1471694722.8985892
1471694722.9178690
1471694722.9378464
