1478807078.7974683
1478807079.7934117
1478807080.7894703
1478807081.7895662
1478807082.7896102
1478807083.7894805
1478807084.7975311
1478807085.7895967
1478807086.7895228
1478807087.7974218
1478807088.7974897
1478807089.7894694
1478807090.7934251
1478807091.7896046
1478807092.7894667
1478807093.7974251
1478807094.7934292
1478807095.7895614
1478807096.7254193
1478807097.7934224
1478807098.7974222
1478807099.7897494
1478807100.7935629
1478807101.7896493
1478807102.7895099
1478807103.7896264
1478807104.7934271
1478807105.7895064
1478807106.7974753
1478807107.7974218
1478807108.7895057
1478807109.7894674
1478807110.7934287
1478807111.7895077
1478807112.7895749
1478807113.7894679
1478807114.7895374
1478807115.7975653
1478807116.7934200
1478807117.7894800
1478807118.7894793
1478807119.7894904
1478807120.7894695
1478807121.7894707
1478807122.7896296
1478807123.7975675
1478807124.7894721
1478807125.7894976
1478807126.7974280
1478807127.7894717
1478807128.7895214
1478807129.7896708
1478807130.7935654
1478807131.7896861
1478807132.7974304
1478807133.7934212
1478807134.7935318
1478807135.7934270
1478807136.7934198
1478807137.7974268
1478807138.7934247
1478807139.7974181
1478807140.7975691
1478807141.7934137
1478807143.7934238
1478807144.7975606
1478807145.7974263
1478807146.7975751
1478807147.7974216
1478807148.7974234
1478807149.7974295
1478807150.7975143
1478807151.7974185
1478807152.7934157
1478807153.7934172
1478807154.7974208
1478807155.7934128
1478807156.7974242
1478807157.7934319
1478807158.7974240
1478807159.7934233
1478807160.7975321
1478807161.7974176
1478807162.7935408
1478807163.7934253
1478807164.7974210
1478807165.7934147
1478807166.7934188
1478807167.7974264
1478807168.7937169
1478807169.7935427
1478807170.7975664
1478807171.7974208
1478807172.7934213
1478807173.7936753
1478807174.7934231
1478807175.7934269
1478807176.7934188
1478807177.7934305
1478807178.7974206
1478807179.7975679
1478807180.8014310
1478807181.7974211
1478807182.7935430
1478807183.7974347
1478807184.7975717
1478807185.7974266
1478807186.7934225
1478807187.7974200
1478807189.7934265
1478807190.7935975
1478807191.7934259
1478807192.7974324
1478807193.7934270
1478807194.7934661
1478807195.7934220
1478807196.7934214
1478807197.8015797
1478807198.7934204
1478807199.7935319
1478807200.7934309
1478807201.7934218
1478807202.7974306
1478807203.8014248
1478807204.7934627
1478807205.7934226
1478807206.8014341
1478807207.7934265
1478807208.7934250
1478807209.8014245
1478807210.7934327
1478807211.7935486
1478807212.7934242
1478807213.8014169
1478807214.7934811
1478807215.7975532
1478807216.8014227
1478807217.8014189
1478807218.7935790
1478807219.7974223
1478807220.7934224
1478807221.7934253
1478807222.7935364
1478807223.7937330
1478807224.7974215
1478807225.7934248
1478807226.8014181
1478807227.7935718
1478807228.7934279
1478807229.8539961
1478807230.7974168
1478807231.8014230
1478807232.7934217
1478807233.7934251
1478807234.8015745
1478807235.7934340
1478807236.8015306
1478807237.7934326
1478807238.8014307
1478807239.7934243
1478807240.8014200
1478807241.7934122
1478807242.7934263
1478807243.7974282
1478807244.7975660
1478807245.8015671
1478807246.7934877
1478807247.7974212
1478807248.8014255
1478807249.7935515
1478807250.8014250
1478807251.8015693
1478807252.8014256
1478807253.8015820
1478807254.7935525
1478807255.7974330
1478807256.7934230
1478807257.7934128
1478807258.7934275
1478807259.7934661
1478807260.7934215
1478807261.7935749
1478807262.8014269
1478807263.7976114
1478807264.8014246
1478807265.7934286
1478807266.7934154
1478807267.7975667
1478807268.7934179
1478807269.7934313
1478807270.7974158
1478807271.7935342
1478807272.7934279
1478807273.7934292
1478807274.7935858
1478807275.7775605
1478807276.8014290
1478807277.7934235
1478807278.7934550
1478807279.7974230
1478807280.7935435
1478807281.7974273
1478807282.7934267
1478807283.7974255
1478807284.7934246
1478807285.7935568
1478807286.7975801
1478807287.7934256
1478807288.7975217
1478807289.7975642
1478807290.7934132
1478807291.8014143
1478807292.7935583
1478807293.7974235
1478807294.7974254
1478807295.8014195
1478807296.8014313
1478807297.7974996
1478807298.7974235
1478807299.7974206
1478807300.7974237
1478807301.7974236
1478807302.8014152
1478807303.7974289
1478807304.8014133
1478807305.8015747
1478807306.8014172
1478807307.8015452
1478807308.7975640
1478807309.7974254
1478807310.8014142
1478807311.7974220
1478807312.7974565
1478807313.8015686
1478807314.7976577
1478807315.8014156
1478807316.7974283
1478807317.8014261
1478807318.7974191
1478807319.7974640
1478807320.8015445
1478807322.8014776
1478807323.8016144
1478807324.7976222
1478807325.7974754
1478807326.7998897
1478807327.8015277
1478807328.7976056
1478807329.7975733
1478807330.8014701
1478807331.8015031
1478807332.7974740
1478807333.7976203
1478807334.7974774
1478807335.8015195
1478807336.7976234
1478807337.8016034
1478807338.7975853
1478807339.8014744
1478807340.7974626
1478807341.7976091
1478807342.7974670
1478807343.7974828
1478807344.7974737
1478807345.7975155
1478807346.8014686
1478807347.7974668
1478807348.7974769
1478807349.8014681
1478807350.8054774
1478807351.7974726
1478807352.8014662
1478807353.7974708
1478807354.8014705
1478807355.7974620
1478807356.7974671
1478807357.7976225
1478807358.8014625
1478807359.7974609
1478807360.8054740
1478807361.8059966
1478807362.7974659
1478807363.8014740
1478807364.7974673
1478807365.8014672
1478807366.7979147
1478807367.7974708
1478807368.8014725
1478807369.7975485
1478807370.7974691
1478807371.7974692
1478807372.7976075
1478807373.7974689
1478807374.8054718
1478807375.8056169
1478807376.8017489
1478807378.7974716
1478807379.7974712
1478807380.7975337
1478807381.7974730
1478807382.7974714
1478807383.7974791
1478807384.7975394
1478807385.7976157
1478807386.8015598
1478807387.8054756
1478807388.8056017
1478807389.8014730
1478807390.8016265
1478807391.7976236
1478807392.8014740
1478807393.8016057
1478807394.7976176
1478807395.7974696
1478807396.8054681
1478807397.7976286
1478807398.8014795
1478807399.7974766
1478807400.7976167
1478807401.8056147
1478807402.7974717
1478807403.8016238
1478807404.8014729
1478807405.7975712
1478807406.8054745
1478807407.7974750
1478807408.8054757
1478807409.8054817
1478807410.8014813
1478807411.7974665
1478807412.7976165
1478807413.8071521
1478807414.8054671
1478807415.7975830
1478807416.7974730
1478807417.8016074
1478807418.7976234
1478807419.7974713
1478807420.7974703
1478807421.7976160
1478807422.7974754
1478807423.7974712
1478807424.8054710
1478807425.7975150
1478807426.7974794
1478807427.8016466
1478807428.7974784
1478807429.7974654
1478807430.7975272
1478807431.7974715
1478807432.8016163
1478807433.7976228
1478807434.7974738
1478807435.7974690
1478807436.8056408
1478807437.7974686
1478807438.7976790
1478807439.7975645
1478807440.8054701
1478807441.7976263
1478807442.7974684
1478807443.8015557
1478807444.7974754
1478807445.7974694
1478807446.7977105
1478807447.8014702
1478807448.7976078
1478807449.7974653
1478807450.7974659
1478807451.7976228
1478807452.7974709
1478807453.8015983
1478807454.7976168
1478807455.8054740
1478807456.7974703
1478807457.7976391
1478807458.8054693
1478807459.8054690
1478807460.7976115
1478807461.8014689
1478807462.8054713
1478807463.8056026
1478807465.8014737
1478807466.8014789
1478807467.8015648
1478807468.8054832
1478807469.8014731
1478807470.8016149
1478807471.8054721
1478807472.8055753
1478807473.8054696
1478807474.8054777
1478807475.8015536
1478807476.8014752
1478807477.8016159
1478807478.8014704
1478807479.8014756
1478807480.8054812
1478807481.8014830
1478807482.8056086
1478807483.8014670
1478807484.8014789
1478807485.8016080
1478807486.8014739
1478807487.8014779
1478807488.8015889
1478807489.8014803
1478807490.8014796
1478807491.8016197
1478807492.8058934
1478807493.8014831
1478807494.8016304
1478807495.8017184
1478807496.8015860
1478807497.8016063
1478807498.8016108
1478807499.8014719
1478807500.8014744
1478807501.8016265
1478807502.8014793
1478807503.8054752
1478807504.8015809
1478807505.8015718
1478807506.8014838
1478807507.8055304
1478807508.8097935
1478807509.8014745
1478807510.8017742
1478807511.8098364
1478807512.8014586
1478807513.8054652
1478807514.8014724
1478807515.8014658
1478807516.8095256
1478807517.8014719
1478807518.8014700
1478807519.8017315
1478807520.8137412
1478807521.8014734
1478807522.8096872
1478807523.8014710
1478807524.8095367
1478807525.8054759
1478807526.8055906
1478807527.8016054
1478807528.8014761
1478807529.8014697
1478807530.8096431
1478807531.8014759
1478807532.8014726
1478807533.8014699
1478807534.8014727
1478807535.8014746
1478807536.8054673
1478807537.8015215
1478807538.8014660
1478807539.8014791
1478807540.8014846
1478807541.8014732
1478807542.8096317
1478807543.8014727
1478807544.8014641
1478807545.8016245
1478807546.8054733
1478807547.8096182
1478807548.8016081
1478807549.8014743
1478807550.8096152
1478807551.8054735
1478807552.8014756
1478807553.8096282
1478807554.8099091
1478807555.8014697
1478807556.8016006
1478807557.8014739
1478807558.8014682
1478807559.8016207
1478807560.8096402
1478807561.8014662
1478807562.8054694
1478807563.8014673
1478807564.8014810
1478807565.8014721
1478807566.8014720
1478807567.7735231
1478807568.8014719
1478807569.8014808
1478807570.8015323
1478807571.8096061
1478807572.8014723
1478807573.8054733
1478807574.8014690
1478807575.8014751
1478807576.8014757
1478807577.8014606
1478807578.8014684
1478807579.8054764
1478807580.8014655
1478807581.8015947
1478807582.8014814
1478807583.8054714
1478807584.8054764
1478807585.8056010
1478807586.8054695
1478807587.8097686
1478807588.8014706
