1471685127.8997806
1471685128.8998852
1471685129.9000928
1471685130.9002233
1471685131.9007596
1471685132.9002021
1471685133.9005812
1471685134.9005008
1471685135.9006212
1471685136.9004500
1471685137.9009143
1471685138.9003742
1471685139.9004144
1471685140.9012327
1471685141.9008615
1471685142.9007395
1471685143.9005853
1471685144.9006373
1471685145.9006379
1471685146.9006030
1471685147.9008029
1471685148.9010878
1471685149.9011022
1471685150.9011490
1471685151.9008848
1471685152.9014949
1471685153.9024353
1471685154.9017987
1471685155.9009385
1471685156.9013558
1471685157.9010971
1471685158.9014492
1471685159.9010846
1471685160.9015916
1471685161.9011570
1471685162.9011974
1471685163.9015952
1471685164.9014435
1471685165.9014990
1471685166.9021351
1471685167.9014010
1471685168.9014372
1471685169.9018608
1471685170.9016165
1471685171.9023476
1471685172.9016176
1471685173.9020700
1471685174.9021349
1471685175.9018715
1471685176.9018128
1471685177.9019765
1471685178.9018429
1471685179.9085735
1471685180.9019446
1471685181.9019657
1471685182.9021427
1471685183.9020071
1471685184.9021832
1471685185.9026234
1471685186.9021451
1471685187.9026415
1471685188.9024354
1471685189.9022978
1471685190.9023070
1471685191.9023910
1471685192.9025198
1471685193.9030180
1471685194.9028265
1471685195.9035012
1471685196.9026251
1471685197.9025124
1471685198.9026754
1471685199.9027177
1471685200.9026793
1471685201.9027453
1471685202.9028912
1471685203.9034293
1471685204.9030281
1471685205.9028336
1471685206.9037836
1471685207.9032392
1471685208.9036918
1471685209.9030708
1471685210.9030530
1471685211.9030884
1471685212.9031078
1471685213.9036259
1471685214.9034178
1471685215.9033827
1471685216.9034245
1471685217.9045893
1471685218.9034626
1471685219.9042360
1471685220.9035506
1471685221.9034979
1471685222.9038533
1471685223.9035291
1471685224.9035961
1471685225.9036918
1471685226.9040619
1471685227.9038461
1471685228.9043233
1471685229.9038367
1471685230.9043263
1471685231.9039135
1471685232.9039925
1471685233.9047863
1471685234.9041557
1471685235.9043626
1471685236.9040102
1471685237.9041366
1471685238.9056511
1471685239.9041170
1471685240.9042272
1471685241.9051228
1471685242.9043317
1471685243.9054847
1471685244.9049126
1471685245.9044042
1471685246.9047865
1471685247.9045754
1471685248.9047658
1471685249.9045174
1471685250.9087062
1471685251.9049590
1471685252.9050660
1471685253.9048383
1471685254.9048522
1471685255.9048838
1471685256.9049302
1471685257.9049739
1471685258.9049225
1471685259.9053122
1471685260.9185866
1471685261.9050315
1471685262.9052979
1471685263.9088303
1471685264.9051648
1471685265.9053255
1471685266.9092868
1471685267.9051914
1471685268.9055292
1471685269.9054774
1471685270.9053117
1471685271.9054849
1471685272.9055602
1471685273.9187187
1471685274.9094106
1471685275.9056405
1471685276.9059846
1471685277.9057859
1471685278.9058439
1471685279.9060732
1471685280.9057316
1471685281.9059260
1471685282.9059591
1471685283.9097326
1471685284.9058448
1471685285.9059758
1471685286.9069325
1471685287.9060432
1471685288.9063408
1471685289.9062716
1471685290.9063206
1471685291.9063300
1471685292.9067401
1471685293.9062401
1471685294.9065506
1471685295.9063164
1471685296.9063707
1471685297.9065177
1471685298.9072582
1471685299.9065116
1471685300.9069054
1471685301.9067311
1471685302.9066631
1471685303.9067537
1471685304.9066184
1471685305.9067128
1471685306.9068130
1471685307.9071670
1471685308.9068380
1471685309.9072268
1471685310.9070074
1471685311.9069048
1471685312.9069191
1471685313.9078012
1471685314.9072604
1471685315.9070678
1471685316.9070943
1471685317.9071453
1471685318.9074615
1471685319.9073287
1471685320.9077821
1471685321.9082794
1471685322.9073947
1471685323.9075072
1471685324.9073909
1471685325.9074459
1471685326.9075450
1471685327.9079878
1471685328.9076094
1471685329.9075815
1471685330.9078109
1471685331.9080389
1471685332.9079018
1471685333.9081402
1471685334.9078182
1471685335.9081063
1471685336.9082636
1471685337.9092569
1471685338.9084371
1471685339.9081117
1471685340.9079949
1471685341.9080697
1471685342.9084317
1471685343.9083454
1471685344.9085217
1471685345.9082320
1471685346.9083352
1471685347.9094229
1471685348.9088252
1471685349.9084098
1471685350.9085353
1471685351.9086468
1471685352.9088817
1471685353.9090723
1471685354.9086549
1471685355.9186397
1471685356.9086618
1471685357.9088909
1471685358.9090162
1471685359.9090765
1471685360.9094385
1471685361.9089411
1471685362.9112121
1471685363.9090529
1471685364.9090031
1471685365.9089935
1471685366.9111516
1471685367.9091409
1471685368.9090658
1471685369.9093089
1471685370.9093418
1471685371.9092933
1471685372.9092466
1471685373.9096920
1471685374.9141184
1471685375.9093838
1471685376.9093730
1471685377.9124587
1471685378.9099071
1471685379.9097861
1471685380.9096558
1471685381.9096588
1471685382.9105152
1471685383.9099775
1471685384.9100780
1471685385.9097376
1471685386.9097410
1471685387.9185826
1471685388.9099564
1471685389.9104268
1471685390.9100111
1471685391.9109575
1471685392.9103065
1471685393.9103681
1471685394.9101186
1471685395.9185664
1471685396.9102669
1471685397.9102109
1471685398.9112799
1471685399.9112127
1471685400.9107709
1471685401.9107098
1471685402.9104950
1471685403.9105929
1471685404.9106464
1471685405.9131624
1471685406.9115431
1471685407.9110010
1471685408.9106757
1471685409.9107336
1471685410.9106971
1471685411.9107552
1471685412.9107706
1471685413.9109291
1471685414.9116888
1471685415.9112497
1471685416.9113786
1471685417.9113941
1471685418.9114224
1471685419.9110296
1471685420.9111026
1471685421.9115149
1471685422.9114401
1471685423.9111960
1471685424.9114948
1471685425.9113328
1471685426.9185733
1471685427.9113993
1471685428.9116996
1471685429.9116953
1471685430.9115271
1471685431.9118708
1471685432.9118895
1471685433.9116604
1471685434.9116647
1471685435.9118691
1471685436.9119129
1471685437.9122169
1471685438.9119288
1471685439.9118508
1471685440.9119948
1471685441.9119123
1471685442.9120657
1471685443.9124594
1471685444.9124315
1471685445.9122848
1471685446.9120867
1471685447.9121795
1471685448.9124451
1471685449.9129510
1471685450.9124536
1471685451.9128484
1471685452.9124555
1471685453.9127976
1471685454.9124864
1471685455.9124154
1471685456.9124663
1471685457.9125970
1471685458.9132719
1471685459.9128560
1471685460.9129837
1471685461.9128097
1471685462.9138528
1471685463.9132892
1471685464.9129774
1471685465.9128037
1471685466.9135374
1471685467.9131338
1471685468.9132335
1471685469.9130908
1471685470.9133766
1471685471.9131011
1471685472.9132641
1471685473.9131181
1471685474.9133445
1471685475.9133782
1471685476.9135801
1471685477.9143151
1471685478.9134093
1471685479.9135276
1471685480.9134819
1471685481.9135432
1471685482.9139024
1471685483.9136774
1471685484.9185816
1471685485.9138672
1471685486.9137615
1471685487.9140918
1471685488.9137590
1471685489.9138203
1471685490.9141598
1471685491.9140512
1471685492.9138852
1471685493.9140766
1471685494.9139477
1471685495.9141097
1471685496.9142079
1471685497.9141444
1471685498.9144530
1471685499.9141838
1471685500.9143953
1471685501.9143273
1471685502.9145899
1471685503.9144928
1471685504.9150028
1471685505.9145967
1471685506.9143828
1471685507.9150512
1471685508.9144615
1471685509.9145345
1471685510.9147645
1471685511.9149237
1471685512.9146898
1471685513.9146649
1471685514.9148213
1471685515.9148529
1471685516.9151443
1471685517.9148388
1471685518.9150459
1471685519.9149580
1471685520.9150334
1471685521.9189009
1471685522.9150420
1471685523.9151801
1471685524.9156135
1471685525.9151779
1471685526.9154535
1471685527.9153635
1471685528.9154822
1471685529.9156272
1471685530.9153210
1471685531.9155829
1471685532.9154693
1471685533.9154986
1471685534.9162658
1471685535.9155326
1471685536.9157025
1471685537.9156640
1471685538.9163084
1471685539.9160509
1471685540.9158369
1471685541.9159147
1471685542.9158059
1471685543.9197782
1471685544.9158653
1471685545.9160826
1471685546.9159692
1471685547.9166549
1471685548.9161187
1471685549.9165372
1471685550.9162736
1471685551.9161314
1471685552.9165435
1471685553.9164823
1471685554.9163959
1471685555.9192135
1471685556.9166476
1471685557.9167921
1471685558.9167466
1471685559.9187134
1471685560.9285658
1471685561.9166386
1471685562.9167471
1471685563.9168327
1471685564.9167005
1471685565.9174762
1471685566.9169743
1471685567.9173812
1471685568.9183632
1471685569.9175835
1471685570.9173064
1471685571.9169078
1471685572.9286121
1471685573.9175125
1471685574.9171205
1471685575.9174118
1471685576.9182459
1471685577.9171532
1471685578.9175243
1471685579.9180357
1471685580.9173038
1471685581.9173880
1471685582.9175016
1471685583.9177240
1471685584.9177406
1471685585.9176761
1471685586.9176414
1471685587.9175698
1471685588.9175611
1471685589.9190027
1471685590.9177702
1471685591.9177839
1471685592.9178416
1471685593.9178187
1471685594.9178411
1471685595.9178500
1471685596.9178974
1471685597.9187514
1471685598.9181293
1471685599.9179955
1471685600.9185054
1471685601.9181875
1471685602.9190774
1471685603.9192019
1471685604.9187465
1471685605.9185597
1471685606.9184171
1471685607.9183340
1471685608.9186442
1471685609.9186135
1471685610.9187691
1471685611.9185899
1471685612.9186315
1471685613.9287198
1471685614.9186396
1471685615.9190321
1471685616.9188659
1471685617.9186802
1471685618.9187063
1471685619.9187826
1471685620.9187914
1471685621.9188078
1471685622.9190479
1471685623.9190649
1471685624.9195384
1471685625.9199443
1471685626.9192877
1471685627.9196038
1471685628.9193461
1471685629.9192030
1471685630.9195525
1471685631.9196727
1471685632.9194237
1471685633.9195247
1471685634.9200910
1471685635.9198032
1471685636.9195195
1471685637.9196185
1471685638.9199248
1471685639.9196821
1471685640.9196900
1471685641.9197578
1471685642.9197294
1471685643.9199458
1471685644.9201566
1471685645.9203279
1471685646.9199365
1471685647.9204815
1471685648.9199287
1471685649.9207709
1471685650.9200507
1471685651.9201341
1471685652.9206592
1471685653.9201321
1471685654.9201317
1471685655.9202724
1471685656.9207214
1471685657.9202691
1471685658.9207978
1471685659.9207024
1471685660.9204000
1471685661.9205823
1471685662.9220608
1471685663.9206696
1471685664.9206351
1471685665.9208282
1471685666.9206580
1471685667.9207232
1471685668.9210795
1471685669.9209362
1471685670.9208837
1471685671.9208068
1471685672.9208546
1471685673.9214587
1471685674.9229259
1471685675.9212926
1471685676.9210109
1471685677.9210209
1471685678.9212415
1471685679.9210631
1471685680.9227236
1471685681.9211886
1471685682.9212713
1471685683.9211830
1471685684.9211300
1471685685.9209919
1471685686.9210186
1471685687.9211188
1471685688.9221786
1471685689.9219402
1471685690.9215697
1471685691.9215222
1471685692.9217470
1471685693.9223721
1471685694.9215980
1471685695.9216267
1471685696.9218897
1471685697.9220207
1471685698.9285962
1471685699.9217733
1471685700.9218205
1471685701.9219652
1471685702.9219542
1471685703.9222567
1471685704.9220916
1471685705.9223118
1471685706.9222869
1471685707.9223921
1471685708.9222932
1471685709.9222487
1471685710.9223317
1471685711.9226223
1471685712.9223923
1471685713.9227426
1471685714.9227640
1471685715.9225654
1471685716.9227224
1471685717.9226629
1471685718.9228867
1471685719.9226836
1471685720.9228644
1471685721.9228175
1471685722.9227616
1471685723.9228724
1471685724.9229081
1471685725.9236397
1471685726.9229085
1471685727.9232770
1471685728.9235050
1471685729.9231270
1471685730.9230917
1471685731.9233340
1471685732.9236408
1471685733.9232294
1471685734.9237650
1471685735.9233539
1471685736.9233205
1471685737.9234592
1471685738.9240256
1471685739.9234987
1471685740.9235718
1471685741.9235533
1471685742.9238662
1471685743.9239702
1471685744.9236166
1471685745.9237897
1471685746.9237413
1471685747.9238710
1471685748.9238255
1471685749.9240250
1471685750.9239433
1471685751.9239163
1471685752.9242369
1471685753.9239814
1471685754.9240567
1471685755.9244012
1471685756.9242275
1471685757.9244035
1471685758.9241532
1471685759.9241697
1471685760.9242514
1471685761.9244722
1471685762.9243911
1471685763.9250856
1471685764.9244195
1471685765.9249418
1471685766.9245389
1471685767.9246022
1471685768.9247189
1471685769.9245689
1471685770.9247004
1471685771.9246711
1471685772.924
