1471684861.1796185
1471684861.2798183
1471684861.3798060
1471684861.4796964
1471684861.5797182
1471684861.6798399
1471684861.7798166
1471684861.8797726
1471684861.9798595
1471684862.800390
1471684862.1797980
1471684862.2801152
1471684862.3800982
1471684862.4799827
1471684862.5798317
1471684862.6885834
1471684862.7797554
1471684862.8801489
1471684862.9799006
1471684863.799902
1471684863.1798042
1471684863.2800358
1471684863.3797181
1471684863.4800397
1471684863.5801028
1471684863.6798046
1471684863.7800341
1471684863.8797614
1471684863.9800679
1471684864.800332
1471684864.1801623
1471684864.2797706
1471684864.3797796
1471684864.4798052
1471684864.5799232
1471684864.6799853
1471684864.7802224
1471684864.8798516
1471684864.9802561
1471684865.802086
1471684865.1802958
1471684865.2802751
1471684865.3802518
1471684865.4801748
1471684865.5802383
1471684865.6801387
1471684865.7798953
1471684865.8801624
1471684865.9803417
1471684866.801500
1471684866.1800741
1471684866.2799634
1471684866.3802676
1471684866.4803331
1471684866.5799111
1471684866.6800391
1471684866.7799541
1471684866.8885794
1471684866.9801953
1471684867.801208
1471684867.1799270
1471684867.2802818
1471684867.3803232
1471684867.4799239
1471684867.5804128
1471684867.6802725
1471684867.7799772
1471684867.8887082
1471684867.9800380
1471684868.803121
1471684868.1800831
1471684868.2800955
1471684868.3800627
1471684868.4802951
1471684868.5800919
1471684868.6801108
1471684868.7801478
1471684868.8800437
1471684868.9800468
1471684869.802243
1471684869.1800295
1471684869.2804713
1471684869.3802197
1471684869.4801488
1471684869.5805292
1471684869.6802921
1471684869.7801263
1471684869.8880420
1471684869.9801160
1471684870.804465
1471684870.1805202
1471684870.2800836
1471684870.3803077
1471684870.4804840
1471684870.5805241
1471684870.6804993
1471684870.7803471
1471684870.8803984
1471684870.9802186
1471684871.803417
1471684871.1803108
1471684871.2885844
1471684871.3802841
1471684871.4802267
1471684871.5804557
1471684871.6885680
1471684871.7805750
1471684871.8803441
1471684871.9806187
1471684872.804848
1471684872.1802147
1471684872.2803608
1471684872.3806315
1471684872.4804093
1471684872.5802648
1471684872.6805208
1471684872.7803104
1471684872.8885717
1471684872.9806157
1471684873.806881
1471684873.1801961
1471684873.2802929
1471684873.3805352
1471684873.4805465
1471684873.5802466
1471684873.6807136
1471684873.7887118
1471684873.8802403
1471684873.9804762
1471684874.805557
1471684874.1805048
1471684874.2803575
1471684874.3804140
1471684874.4805127
1471684874.5803551
1471684874.6803207
1471684874.7803803
1471684874.8804914
1471684874.9806777
1471684875.802734
1471684875.1803378
1471684875.2804467
1471684875.3807713
1471684875.4803497
1471684875.5803831
1471684875.6804353
1471684875.7803279
1471684875.8804817
1471684875.9804384
1471684876.803638
1471684876.1806471
1471684876.2807501
1471684876.3805225
1471684876.4805423
1471684876.5803457
1471684876.6804203
1471684876.7804477
1471684876.8803503
1471684876.9885753
1471684877.807855
1471684877.1804503
1471684877.2843493
1471684877.3805026
1471684877.4804838
1471684877.5804075
1471684877.6805630
1471684877.7807611
1471684877.8807409
1471684877.9806095
1471684878.804541
1471684878.1886761
1471684878.2808300
1471684878.3804509
1471684878.4804332
1471684878.5805701
1471684878.6809158
1471684878.7805123
1471684878.8805068
1471684878.9807158
1471684879.808116
1471684879.1806486
1471684879.2885993
1471684879.3809206
1471684879.4807050
1471684879.5808956
1471684879.6805586
1471684879.7808482
1471684879.8806037
1471684879.9808755
1471684880.809323
1471684880.1806386
1471684880.2807593
1471684880.3807942
1471684880.4806038
1471684880.5805029
1471684880.6809646
1471684880.7809851
1471684880.8805798
1471684880.9806487
1471684881.805739
1471684881.1885973
1471684881.2805879
1471684881.3810412
1471684881.4806071
1471684881.5808498
1471684881.6806318
1471684881.7809513
1471684881.8809672
1471684881.9810694
1471684882.809600
1471684882.1809544
1471684882.2806071
1471684882.3809205
1471684882.4807595
1471684882.5809524
1471684882.6806193
1471684882.7808434
1471684882.8811068
1471684882.9808070
1471684883.807047
1471684883.1810712
1471684883.2807459
1471684883.3810566
1471684883.4807006
1471684883.5810561
1471684883.6806362
1471684883.7811211
1471684883.8811360
1471684883.9886003
1471684884.809025
1471684884.1807498
1471684884.2808726
1471684884.3807732
1471684884.4810892
1471684884.5807310
1471684884.6810702
1471684884.7811318
1471684884.8809172
1471684884.9809017
1471684885.809843
1471684885.1807005
1471684885.2808019
1471684885.3811692
1471684885.4807889
1471684885.5811665
1471684885.6807605
1471684885.7808142
1471684885.8885742
1471684885.9886952
1471684886.845170
1471684886.1810043
1471684886.2812261
1471684886.3810270
1471684886.4808988
1471684886.5812597
1471684886.6809053
1471684886.7808939
1471684886.8810224
1471684886.9809888
1471684887.810332
1471684887.1808281
1471684887.2807835
1471684887.3810815
1471684887.4808496
1471684887.5809477
1471684887.6808770
1471684887.7808660
1471684887.8811854
1471684887.9808824
1471684888.811027
1471684888.1810072
1471684888.2809108
1471684888.3812539
1471684888.4808404
1471684888.5810071
1471684888.6808700
1471684888.7813011
1471684888.8810931
1471684888.9810356
1471684889.810524
1471684889.1809877
1471684889.2886825
1471684889.3811673
1471684889.4809141
1471684889.5811760
1471684889.6813031
1471684889.7810901
1471684889.8808986
1471684889.9808784
1471684890.812028
1471684890.1811965
1471684890.2808996
1471684890.3810676
1471684890.4813305
1471684890.5809249
1471684890.6813819
1471684890.7809390
1471684890.8811386
1471684890.9811552
1471684891.809253
1471684891.1814226
1471684891.2809614
1471684891.3811468
1471684891.4813414
1471684891.5809750
1471684891.6811454
1471684891.7810961
1471684891.8812279
1471684891.9814041
1471684892.810523
1471684892.1811385
1471684892.2810027
1471684892.3810068
1471684892.4810572
1471684892.5812471
1471684892.6813768
1471684892.7812006
1471684892.8813433
1471684892.9885845
1471684893.811876
1471684893.1814624
1471684893.2814181
1471684893.3810850
1471684893.4811449
1471684893.5812362
1471684893.6810884
1471684893.7811528
1471684893.8810589
1471684893.9886842
1471684894.811738
1471684894.1813124
1471684894.2815080
1471684894.3812955
1471684894.4812245
1471684894.5813808
1471684894.6812763
1471684894.7811666
1471684894.8812713
1471684894.9812969
1471684895.814682
1471684895.1811106
1471684895.2811270
1471684895.3811058
1471684895.4815348
1471684895.5812727
1471684895.6811766
1471684895.7812376
1471684895.8812235
1471684895.9811828
1471684896.814000
1471684896.1815764
1471684896.2815338
1471684896.3812319
1471684896.4815595
1471684896.5814742
1471684896.6812408
1471684896.7814422
1471684896.8814077
1471684896.9813703
1471684897.812673
1471684897.1814122
1471684897.2816541
1471684897.3816456
1471684897.4816007
1471684897.5814566
1471684897.6816382
1471684897.7814796
1471684897.8814323
1471684897.9814510
1471684898.816592
1471684898.1812423
1471684898.2814391
1471684898.3812248
1471684898.4817069
1471684898.5886016
1471684898.6816440
1471684898.7816100
1471684898.8816425
1471684898.9817217
1471684899.817088
1471684899.1813806
1471684899.2812403
1471684899.3813651
1471684899.4814322
1471684899.5812839
1471684899.6816276
1471684899.7812586
1471684899.8817522
1471684899.9812894
1471684900.813002
1471684900.1813110
1471684900.2813324
1471684900.3816085
1471684900.4813102
1471684900.5817046
1471684900.6816167
1471684900.7813891
1471684900.8815549
1471684900.9817239
1471684901.815941
1471684901.1817539
1471684901.2814877
1471684901.3816425
1471684901.4818241
1471684901.5817061
1471684901.6818446
1471684901.7818064
1471684901.8816519
1471684901.9815646
1471684902.815129
1471684902.1814642
1471684902.2814366
1471684902.3887003
1471684902.4813951
1471684902.5816305
1471684902.6814087
1471684902.7817847
1471684902.8814961
1471684902.9814737
1471684903.818265
1471684903.1815195
1471684903.2818486
1471684903.3817945
1471684903.4814290
1471684903.5814614
1471684903.6815883
1471684903.7818111
1471684903.8815512
1471684903.9814607
1471684904.815329
1471684904.1815701
1471684904.2814730
1471684904.3888446
